1.000000	 6.000000	  11.000000	 16.000000	 -0.263205	 10838.434550	  1883521.356320
1.000000	 6.000000	  16.000000	 21.000000	 -0.082606	 10838.434550	  1883521.356320
1.000000	 6.000000	  21.000000	 26.000000	 -0.038092	 10838.434550	  1883521.356320
1.000000	 6.000000	  26.000000	 31.000000	 -0.020106	 10838.434550	  1883521.356320
1.000000	 6.000000	  31.000000	 36.000000	 -0.017567	 10838.434550	  1883521.356320
1.000000	 6.000000	  36.000000	 41.000000	 -0.012847	 10838.434550	  1883521.356320
1.000000	 6.000000	  41.000000	 46.000000	 -0.005557	 10838.434550	  1883521.356320
1.000000	 6.000000	  46.000000	 51.000000	 -0.002151	 10838.434550	  1883521.356320
1.000000	 6.000000	  51.000000	 56.000000	 -0.003436	 10838.434550	  1883521.356320
1.000000	 6.000000	  56.000000	 61.000000	 -0.002569	 10838.434550	  1883521.356320
6.000000	 11.000000	  16.000000	 21.000000	 -0.233085	 10851.622440	  1883514.461990
6.000000	 11.000000	  21.000000	 26.000000	 -0.061738	 10851.622440	  1883514.461990
6.000000	 11.000000	  26.000000	 31.000000	 -0.025621	 10851.622440	  1883514.461990
6.000000	 11.000000	  31.000000	 36.000000	 -0.015127	 10851.622440	  1883514.461990
6.000000	 11.000000	  36.000000	 41.000000	 -0.007974	 10851.622440	  1883514.461990
6.000000	 11.000000	  41.000000	 46.000000	 -0.005453	 10851.622440	  1883514.461990
6.000000	 11.000000	  46.000000	 51.000000	 -0.003782	 10851.622440	  1883514.461990
6.000000	 11.000000	  51.000000	 56.000000	 -0.005042	 10851.622440	  1883514.461990
6.000000	 11.000000	  56.000000	 61.000000	 -0.004192	 10851.622440	  1883514.461990
6.000000	 11.000000	  61.000000	 66.000000	 -0.003371	 10851.622440	  1883514.461990
11.000000	 16.000000	  21.000000	 26.000000	 -0.234821	 10865.228610	  1883507.187920
11.000000	 16.000000	  26.000000	 31.000000	 -0.056399	 10865.228610	  1883507.187920
11.000000	 16.000000	  31.000000	 36.000000	 -0.022325	 10865.228610	  1883507.187920
11.000000	 16.000000	  36.000000	 41.000000	 -0.011368	 10865.228610	  1883507.187920
11.000000	 16.000000	  41.000000	 46.000000	 -0.007167	 10865.228610	  1883507.187920
11.000000	 16.000000	  46.000000	 51.000000	 -0.006316	 10865.228610	  1883507.187920
11.000000	 16.000000	  51.000000	 56.000000	 -0.005052	 10865.228610	  1883507.187920
11.000000	 16.000000	  56.000000	 61.000000	 -0.004201	 10865.228610	  1883507.187920
11.000000	 16.000000	  61.000000	 66.000000	 -0.002526	 10865.228610	  1883507.187920
11.000000	 16.000000	  66.000000	 71.000000	 -0.000852	 10865.228610	  1883507.187920
16.000000	 21.000000	  26.000000	 31.000000	 -0.232864	 10875.689090	  1883497.841970
16.000000	 21.000000	  31.000000	 36.000000	 -0.055487	 10875.689090	  1883497.841970
16.000000	 21.000000	  36.000000	 41.000000	 -0.024384	 10875.689090	  1883497.841970
16.000000	 21.000000	  41.000000	 46.000000	 -0.014701	 10875.689090	  1883497.841970
16.000000	 21.000000	  46.000000	 51.000000	 -0.009683	 10875.689090	  1883497.841970
16.000000	 21.000000	  51.000000	 56.000000	 -0.006309	 10875.689090	  1883497.841970
16.000000	 21.000000	  56.000000	 61.000000	 -0.003374	 10875.689090	  1883497.841970
16.000000	 21.000000	  61.000000	 66.000000	 -0.002523	 10875.689090	  1883497.841970
16.000000	 21.000000	  66.000000	 71.000000	 -0.002934	 10875.689090	  1883497.841970
16.000000	 21.000000	  71.000000	 76.000000	 -0.001262	 10875.689090	  1883497.841970
21.000000	 26.000000	  31.000000	 36.000000	 -0.241328	 10887.284680	  1883486.804660
21.000000	 26.000000	  36.000000	 41.000000	 -0.068527	 10887.284680	  1883486.804660
21.000000	 26.000000	  41.000000	 46.000000	 -0.029025	 10887.284680	  1883486.804660
21.000000	 26.000000	  46.000000	 51.000000	 -0.015144	 10887.284680	  1883486.804660
21.000000	 26.000000	  51.000000	 56.000000	 -0.009245	 10887.284680	  1883486.804660
21.000000	 26.000000	  56.000000	 61.000000	 -0.006721	 10887.284680	  1883486.804660
21.000000	 26.000000	  61.000000	 66.000000	 -0.003786	 10887.284680	  1883486.804660
21.000000	 26.000000	  66.000000	 71.000000	 -0.002524	 10887.284680	  1883486.804660
21.000000	 26.000000	  71.000000	 76.000000	 -0.002524	 10887.284680	  1883486.804660
21.000000	 26.000000	  76.000000	 81.000000	 -0.001262	 10887.284680	  1883486.804660
26.000000	 31.000000	  36.000000	 41.000000	 -0.231878	 10899.364460	  1883478.197630
26.000000	 31.000000	  41.000000	 46.000000	 -0.057984	 10899.364460	  1883478.197630
26.000000	 31.000000	  46.000000	 51.000000	 -0.023720	 10899.364460	  1883478.197630
26.000000	 31.000000	  51.000000	 56.000000	 -0.011018	 10899.364460	  1883478.197630
26.000000	 31.000000	  56.000000	 61.000000	 -0.007621	 10899.364460	  1883478.197630
26.000000	 31.000000	  61.000000	 66.000000	 -0.005081	 10899.364460	  1883478.197630
26.000000	 31.000000	  66.000000	 71.000000	 -0.004224	 10899.364460	  1883478.197630
26.000000	 31.000000	  71.000000	 76.000000	 -0.001684	 10899.364460	  1883478.197630
26.000000	 31.000000	  76.000000	 81.000000	 -0.001684	 10899.364460	  1883478.197630
26.000000	 31.000000	  81.000000	 86.000000	 -0.000857	 10899.364460	  1883478.197630
31.000000	 36.000000	  41.000000	 46.000000	 -0.237437	 10911.695850	  1883472.729220
31.000000	 36.000000	  46.000000	 51.000000	 -0.057993	 10911.695850	  1883472.729220
31.000000	 36.000000	  51.000000	 56.000000	 -0.022866	 10911.695850	  1883472.729220
31.000000	 36.000000	  56.000000	 61.000000	 -0.011433	 10911.695850	  1883472.729220
31.000000	 36.000000	  61.000000	 66.000000	 -0.005938	 10911.695850	  1883472.729220
31.000000	 36.000000	  66.000000	 71.000000	 -0.003397	 10911.695850	  1883472.729220
31.000000	 36.000000	  71.000000	 76.000000	 -0.001684	 10911.695850	  1883472.729220
31.000000	 36.000000	  76.000000	 81.000000	 -0.002541	 10911.695850	  1883472.729220
31.000000	 36.000000	  81.000000	 86.000000	 -0.000414	 10911.695850	  1883472.729220
31.000000	 36.000000	  86.000000	 91.000000	 -0.001270	 10911.695850	  1883472.729220
36.000000	 41.000000	  46.000000	 51.000000	 -0.237218	 10926.182250	  1883468.073490
36.000000	 41.000000	  51.000000	 56.000000	 -0.058462	 10926.182250	  1883468.073490
36.000000	 41.000000	  56.000000	 61.000000	 -0.021202	 10926.182250	  1883468.073490
36.000000	 41.000000	  61.000000	 66.000000	 -0.009758	 10926.182250	  1883468.073490
36.000000	 41.000000	  66.000000	 71.000000	 -0.007215	 10926.182250	  1883468.073490
36.000000	 41.000000	  71.000000	 76.000000	 -0.002957	 10926.182250	  1883468.073490
36.000000	 41.000000	  76.000000	 81.000000	 -0.002129	 10926.182250	  1883468.073490
36.000000	 41.000000	  81.000000	 86.000000	 -0.001686	 10926.182250	  1883468.073490
36.000000	 41.000000	  86.000000	 91.000000	 -0.001686	 10926.182250	  1883468.073490
36.000000	 41.000000	  91.000000	 96.000000	 -0.009315	 10926.182250	  1883468.073490
41.000000	 46.000000	  51.000000	 56.000000	 -0.236653	 10934.942710	  1883467.972380
41.000000	 46.000000	  56.000000	 61.000000	 -0.058222	 10934.942710	  1883467.972380
41.000000	 46.000000	  61.000000	 66.000000	 -0.020821	 10934.942710	  1883467.972380
41.000000	 46.000000	  66.000000	 71.000000	 -0.010618	 10934.942710	  1883467.972380
41.000000	 46.000000	  71.000000	 76.000000	 -0.005517	 10934.942710	  1883467.972380
41.000000	 46.000000	  76.000000	 81.000000	 -0.003826	 10934.942710	  1883467.972380
41.000000	 46.000000	  81.000000	 86.000000	 -0.003826	 10934.942710	  1883467.972380
41.000000	 46.000000	  86.000000	 91.000000	 -0.004686	 10934.942710	  1883467.972380
41.000000	 46.000000	  91.000000	 96.000000	 -0.004241	 10934.942710	  1883467.972380
41.000000	 46.000000	  96.000000	 101.000000	 -0.003411	 10934.942710	  1883467.972380
46.000000	 51.000000	  56.000000	 61.000000	 -0.235030	 10947.251170	  1883461.758960
46.000000	 51.000000	  61.000000	 66.000000	 -0.056308	 10947.251170	  1883461.758960
46.000000	 51.000000	  66.000000	 71.000000	 -0.020070	 10947.251170	  1883461.758960
46.000000	 51.000000	  71.000000	 76.000000	 -0.009826	 10947.251170	  1883461.758960
46.000000	 51.000000	  76.000000	 81.000000	 -0.012387	 10947.251170	  1883461.758960
46.000000	 51.000000	  81.000000	 86.000000	 0.002144	 10947.251170	  1883461.758960
46.000000	 51.000000	  86.000000	 91.000000	 -0.009380	 10947.251170	  1883461.758960
46.000000	 51.000000	  91.000000	 96.000000	 0.002561	 10947.251170	  1883461.758960
46.000000	 51.000000	  96.000000	 101.000000	 -0.005122	 10947.251170	  1883461.758960
46.000000	 51.000000	  101.000000	 106.000000	 0.000864	 10947.251170	  1883461.758960
51.000000	 56.000000	  61.000000	 66.000000	 -0.234855	 10952.256680	  1883456.610350
51.000000	 56.000000	  66.000000	 71.000000	 -0.056266	 10952.256680	  1883456.610350
51.000000	 56.000000	  71.000000	 76.000000	 -0.020471	 10952.256680	  1883456.610350
51.000000	 56.000000	  76.000000	 81.000000	 -0.011515	 10952.256680	  1883456.610350
51.000000	 56.000000	  81.000000	 86.000000	 -0.007260	 10952.256680	  1883456.610350
51.000000	 56.000000	  86.000000	 91.000000	 -0.005118	 10952.256680	  1883456.610350
51.000000	 56.000000	  91.000000	 96.000000	 -0.006397	 10952.256680	  1883456.610350
51.000000	 56.000000	  96.000000	 101.000000	 -0.003838	 10952.256680	  1883456.610350
51.000000	 56.000000	  101.000000	 106.000000	 -0.001279	 10952.256680	  1883456.610350
51.000000	 56.000000	  106.000000	 111.000000	 -0.001279	 10952.256680	  1883456.610350
56.000000	 61.000000	  66.000000	 71.000000	 -0.232128	 10962.873190	  1883452.163970
56.000000	 61.000000	  71.000000	 76.000000	 -0.052901	 10962.873190	  1883452.163970
56.000000	 61.000000	  76.000000	 81.000000	 -0.023919	 10962.873190	  1883452.163970
56.000000	 61.000000	  81.000000	 86.000000	 -0.015370	 10962.873190	  1883452.163970
56.000000	 61.000000	  86.000000	 91.000000	 -0.007268	 10962.873190	  1883452.163970
56.000000	 61.000000	  91.000000	 96.000000	 -0.007268	 10962.873190	  1883452.163970
56.000000	 61.000000	  96.000000	 101.000000	 -0.007268	 10962.873190	  1883452.163970
56.000000	 61.000000	  101.000000	 106.000000	 -0.002145	 10962.873190	  1883452.163970
56.000000	 61.000000	  106.000000	 111.000000	 -0.001698	 10962.873190	  1883452.163970
56.000000	 61.000000	  111.000000	 116.000000	 -0.002145	 10962.873190	  1883452.163970
61.000000	 66.000000	  71.000000	 76.000000	 -0.233694	 10975.080530	  1883448.676280
61.000000	 66.000000	  76.000000	 81.000000	 -0.062768	 10975.080530	  1883448.676280
61.000000	 66.000000	  81.000000	 86.000000	 -0.035204	 10975.080530	  1883448.676280
61.000000	 66.000000	  86.000000	 91.000000	 -0.018653	 10975.080530	  1883448.676280
61.000000	 66.000000	  91.000000	 96.000000	 -0.011044	 10975.080530	  1883448.676280
61.000000	 66.000000	  96.000000	 101.000000	 -0.008497	 10975.080530	  1883448.676280
61.000000	 66.000000	  101.000000	 106.000000	 -0.004234	 10975.080530	  1883448.676280
61.000000	 66.000000	  106.000000	 111.000000	 -0.002546	 10975.080530	  1883448.676280
61.000000	 66.000000	  111.000000	 116.000000	 -0.002961	 10975.080530	  1883448.676280
61.000000	 66.000000	  116.000000	 121.000000	 -0.002546	 10975.080530	  1883448.676280
66.000000	 71.000000	  76.000000	 81.000000	 -0.280522	 10983.178720	  1883448.010750
66.000000	 71.000000	  81.000000	 86.000000	 -0.096900	 10983.178720	  1883448.010750
66.000000	 71.000000	  86.000000	 91.000000	 -0.042931	 10983.178720	  1883448.010750
66.000000	 71.000000	  91.000000	 96.000000	 -0.019137	 10983.178720	  1883448.010750
66.000000	 71.000000	  96.000000	 101.000000	 -0.011482	 10983.178720	  1883448.010750
66.000000	 71.000000	  101.000000	 106.000000	 -0.009791	 10983.178720	  1883448.010750
66.000000	 71.000000	  106.000000	 111.000000	 -0.004243	 10983.178720	  1883448.010750
66.000000	 71.000000	  111.000000	 116.000000	 -0.004688	 10983.178720	  1883448.010750
66.000000	 71.000000	  116.000000	 121.000000	 -0.002967	 10983.178720	  1883448.010750
66.000000	 71.000000	  121.000000	 126.000000	 -0.001276	 10983.178720	  1883448.010750
71.000000	 76.000000	  81.000000	 86.000000	 -0.286553	 10995.338300	  1883449.311090
71.000000	 76.000000	  86.000000	 91.000000	 -0.082057	 10995.338300	  1883449.311090
71.000000	 76.000000	  91.000000	 96.000000	 -0.036294	 10995.338300	  1883449.311090
71.000000	 76.000000	  96.000000	 101.000000	 -0.020205	 10995.338300	  1883449.311090
71.000000	 76.000000	  101.000000	 106.000000	 -0.011139	 10995.338300	  1883449.311090
71.000000	 76.000000	  106.000000	 111.000000	 -0.009901	 10995.338300	  1883449.311090
71.000000	 76.000000	  111.000000	 116.000000	 -0.005353	 10995.338300	  1883449.311090
71.000000	 76.000000	  116.000000	 121.000000	 -0.002878	 10995.338300	  1883449.311090
71.000000	 76.000000	  121.000000	 126.000000	 -0.004116	 10995.338300	  1883449.311090
71.000000	 76.000000	  126.000000	 131.000000	 -0.002475	 10995.338300	  1883449.311090
76.000000	 81.000000	  86.000000	 91.000000	 -0.234700	 11009.698730	  1883451.933900
76.000000	 81.000000	  91.000000	 96.000000	 -0.059935	 11009.698730	  1883451.933900
76.000000	 81.000000	  96.000000	 101.000000	 -0.024074	 11009.698730	  1883451.933900
76.000000	 81.000000	  101.000000	 106.000000	 -0.010549	 11009.698730	  1883451.933900
76.000000	 81.000000	  106.000000	 111.000000	 -0.006748	 11009.698730	  1883451.933900
76.000000	 81.000000	  111.000000	 116.000000	 -0.005481	 11009.698730	  1883451.933900
76.000000	 81.000000	  116.000000	 121.000000	 -0.001680	 11009.698730	  1883451.933900
76.000000	 81.000000	  121.000000	 126.000000	 -0.003801	 11009.698730	  1883451.933900
76.000000	 81.000000	  126.000000	 131.000000	 -0.001267	 11009.698730	  1883451.933900
76.000000	 81.000000	  131.000000	 136.000000	 -0.001680	 11009.698730	  1883451.933900
81.000000	 86.000000	  91.000000	 96.000000	 -0.234596	 11018.781390	  1883460.747520
81.000000	 86.000000	  96.000000	 101.000000	 -0.056958	 11018.781390	  1883460.747520
81.000000	 86.000000	  101.000000	 106.000000	 -0.022546	 11018.781390	  1883460.747520
81.000000	 86.000000	  106.000000	 111.000000	 -0.010205	 11018.781390	  1883460.747520
81.000000	 86.000000	  111.000000	 116.000000	 -0.006793	 11018.781390	  1883460.747520
81.000000	 86.000000	  116.000000	 121.000000	 -0.002967	 11018.781390	  1883460.747520
81.000000	 86.000000	  121.000000	 126.000000	 -0.002967	 11018.781390	  1883460.747520
81.000000	 86.000000	  126.000000	 131.000000	 -0.001276	 11018.781390	  1883460.747520
81.000000	 86.000000	  131.000000	 136.000000	 -0.000860	 11018.781390	  1883460.747520
81.000000	 86.000000	  136.000000	 141.000000	 -0.002136	 11018.781390	  1883460.747520
86.000000	 91.000000	  96.000000	 101.000000	 -0.236881	 11022.905990	  1883473.697430
86.000000	 91.000000	  101.000000	 106.000000	 -0.057310	 11022.905990	  1883473.697430
86.000000	 91.000000	  106.000000	 111.000000	 -0.021402	 11022.905990	  1883473.697430
86.000000	 91.000000	  111.000000	 116.000000	 -0.011134	 11022.905990	  1883473.697430
86.000000	 91.000000	  116.000000	 121.000000	 -0.006418	 11022.905990	  1883473.697430
86.000000	 91.000000	  121.000000	 126.000000	 -0.003433	 11022.905990	  1883473.697430
86.000000	 91.000000	  126.000000	 131.000000	 -0.002149	 11022.905990	  1883473.697430
86.000000	 91.000000	  131.000000	 136.000000	 -0.002149	 11022.905990	  1883473.697430
86.000000	 91.000000	  136.000000	 141.000000	 -0.001284	 11022.905990	  1883473.697430
86.000000	 91.000000	  141.000000	 146.000000	 -0.002567	 11022.905990	  1883473.697430
91.000000	 96.000000	  101.000000	 106.000000	 -0.236308	 11020.740730	  1883488.352110
91.000000	 96.000000	  106.000000	 111.000000	 -0.057070	 11020.740730	  1883488.352110
91.000000	 96.000000	  111.000000	 116.000000	 -0.023253	 11020.740730	  1883488.352110
91.000000	 96.000000	  116.000000	 121.000000	 -0.009738	 11020.740730	  1883488.352110
91.000000	 96.000000	  121.000000	 126.000000	 -0.007200	 11020.740730	  1883488.352110
91.000000	 96.000000	  126.000000	 131.000000	 -0.002951	 11020.740730	  1883488.352110
91.000000	 96.000000	  131.000000	 136.000000	 -0.002538	 11020.740730	  1883488.352110
91.000000	 96.000000	  136.000000	 141.000000	 -0.003394	 11020.740730	  1883488.352110
91.000000	 96.000000	  141.000000	 146.000000	 -0.000413	 11020.740730	  1883488.352110
91.000000	 96.000000	  146.000000	 151.000000	 -0.000856	 11020.740730	  1883488.352110
96.000000	 101.000000	  106.000000	 111.000000	 -0.237388	 11019.494980	  1883500.289940
96.000000	 101.000000	  111.000000	 116.000000	 -0.055854	 11019.494980	  1883500.289940
96.000000	 101.000000	  116.000000	 121.000000	 -0.022448	 11019.494980	  1883500.289940
96.000000	 101.000000	  121.000000	 126.000000	 -0.011844	 11019.494980	  1883500.289940
96.000000	 101.000000	  126.000000	 131.000000	 -0.007207	 11019.494980	  1883500.289940
96.000000	 101.000000	  131.000000	 136.000000	 -0.004224	 11019.494980	  1883500.289940
96.000000	 101.000000	  136.000000	 141.000000	 -0.002954	 11019.494980	  1883500.289940
96.000000	 101.000000	  141.000000	 146.000000	 -0.002540	 11019.494980	  1883500.289940
96.000000	 101.000000	  146.000000	 151.000000	 -0.002954	 11019.494980	  1883500.289940
96.000000	 101.000000	  151.000000	 156.000000	 -0.001684	 11019.494980	  1883500.289940
101.000000	 106.000000	  111.000000	 116.000000	 -0.236097	 11019.800740	  1883513.329400
101.000000	 106.000000	  116.000000	 121.000000	 -0.057533	 11019.800740	  1883513.329400
101.000000	 106.000000	  121.000000	 126.000000	 -0.022860	 11019.800740	  1883513.329400
101.000000	 106.000000	  126.000000	 131.000000	 -0.012700	 11019.800740	  1883513.329400
101.000000	 106.000000	  131.000000	 136.000000	 -0.006763	 11019.800740	  1883513.329400
101.000000	 106.000000	  136.000000	 141.000000	 -0.005493	 11019.800740	  1883513.329400
101.000000	 106.000000	  141.000000	 146.000000	 -0.002540	 11019.800740	  1883513.329400
101.000000	 106.000000	  146.000000	 151.000000	 -0.002126	 11019.800740	  1883513.329400
101.000000	 106.000000	  151.000000	 156.000000	 -0.002953	 11019.800740	  1883513.329400
101.000000	 106.000000	  156.000000	 161.000000	 -0.001683	 11019.800740	  1883513.329400
106.000000	 111.000000	  116.000000	 121.000000	 -0.236521	 11022.300920	  1883528.863830
106.000000	 111.000000	  121.000000	 126.000000	 -0.059035	 11022.300920	  1883528.863830
106.000000	 111.000000	  126.000000	 131.000000	 -0.022778	 11022.300920	  1883528.863830
106.000000	 111.000000	  131.000000	 136.000000	 -0.011389	 11022.300920	  1883528.863830
106.000000	 111.000000	  136.000000	 141.000000	 -0.007593	 11022.300920	  1883528.863830
106.000000	 111.000000	  141.000000	 146.000000	 -0.004650	 11022.300920	  1883528.863830
106.000000	 111.000000	  146.000000	 151.000000	 -0.001677	 11022.300920	  1883528.863830
106.000000	 111.000000	  151.000000	 156.000000	 -0.002531	 11022.300920	  1883528.863830
106.000000	 111.000000	  156.000000	 161.000000	 -0.002531	 11022.300920	  1883528.863830
106.000000	 111.000000	  161.000000	 166.000000	 0.000412	 11022.300920	  1883528.863830
111.000000	 116.000000	  121.000000	 126.000000	 -0.236064	 11027.943420	  1883541.771990
111.000000	 116.000000	  126.000000	 131.000000	 -0.057866	 11027.943420	  1883541.771990
111.000000	 116.000000	  131.000000	 136.000000	 -0.023229	 11027.943420	  1883541.771990
111.000000	 116.000000	  136.000000	 141.000000	 -0.010141	 11027.943420	  1883541.771990
111.000000	 116.000000	  141.000000	 146.000000	 -0.007193	 11027.943420	  1883541.771990
111.000000	 116.000000	  146.000000	 151.000000	 -0.004215	 11027.943420	  1883541.771990
111.000000	 116.000000	  151.000000	 156.000000	 -0.002122	 11027.943420	  1883541.771990
111.000000	 116.000000	  156.000000	 161.000000	 -0.002122	 11027.943420	  1883541.771990
111.000000	 116.000000	  161.000000	 166.000000	 -0.001680	 11027.943420	  1883541.771990
111.000000	 116.000000	  166.000000	 171.000000	 -0.000413	 11027.943420	  1883541.771990
116.000000	 121.000000	  126.000000	 131.000000	 -0.237654	 11034.886370	  1883550.931730
116.000000	 121.000000	  131.000000	 136.000000	 -0.058771	 11034.886370	  1883550.931730
116.000000	 121.000000	  136.000000	 141.000000	 -0.024117	 11034.886370	  1883550.931730
116.000000	 121.000000	  141.000000	 146.000000	 -0.009741	 11034.886370	  1883550.931730
116.000000	 121.000000	  146.000000	 151.000000	 -0.006760	 11034.886370	  1883550.931730
116.000000	 121.000000	  151.000000	 156.000000	 -0.004221	 11034.886370	  1883550.931730
116.000000	 121.000000	  156.000000	 161.000000	 -0.002539	 11034.886370	  1883550.931730
116.000000	 121.000000	  161.000000	 166.000000	 -0.001683	 11034.886370	  1883550.931730
116.000000	 121.000000	  166.000000	 171.000000	 -0.001683	 11034.886370	  1883550.931730
116.000000	 121.000000	  171.000000	 176.000000	 0.000000	 11034.886370	  1883550.931730
121.000000	 126.000000	  131.000000	 136.000000	 -0.237725	 11041.754700	  1883559.945250
121.000000	 126.000000	  136.000000	 141.000000	 -0.058063	 11041.754700	  1883559.945250
121.000000	 126.000000	  141.000000	 146.000000	 -0.022894	 11041.754700	  1883559.945250
121.000000	 126.000000	  146.000000	 151.000000	 -0.011861	 11041.754700	  1883559.945250
121.000000	 126.000000	  151.000000	 156.000000	 -0.006359	 11041.754700	  1883559.945250
121.000000	 126.000000	  156.000000	 161.000000	 -0.005088	 11041.754700	  1883559.945250
121.000000	 126.000000	  161.000000	 166.000000	 -0.000858	 11041.754700	  1883559.945250
121.000000	 126.000000	  166.000000	 171.000000	 -0.001272	 11041.754700	  1883559.945250
121.000000	 126.000000	  171.000000	 176.000000	 -0.001272	 11041.754700	  1883559.945250
121.000000	 126.000000	  176.000000	 181.000000	 -0.001272	 11041.754700	  1883559.945250
126.000000	 131.000000	  136.000000	 141.000000	 -0.235988	 11046.635020	  1883564.640060
126.000000	 131.000000	  141.000000	 146.000000	 -0.059744	 11046.635020	  1883564.640060
126.000000	 131.000000	  146.000000	 151.000000	 -0.024578	 11046.635020	  1883564.640060
126.000000	 131.000000	  151.000000	 156.000000	 -0.010588	 11046.635020	  1883564.640060
126.000000	 131.000000	  156.000000	 161.000000	 -0.007631	 11046.635020	  1883564.640060
126.000000	 131.000000	  161.000000	 166.000000	 -0.002129	 11046.635020	  1883564.640060
126.000000	 131.000000	  166.000000	 171.000000	 -0.004673	 11046.635020	  1883564.640060
126.000000	 131.000000	  171.000000	 176.000000	 -0.001272	 11046.635020	  1883564.640060
126.000000	 131.000000	  176.000000	 181.000000	 -0.000858	 11046.635020	  1883564.640060
126.000000	 131.000000	  181.000000	 186.000000	 -0.001272	 11046.635020	  1883564.640060
131.000000	 136.000000	  141.000000	 146.000000	 -0.237035	 11047.992350	  1883570.474460
131.000000	 136.000000	  146.000000	 151.000000	 -0.058519	 11047.992350	  1883570.474460
131.000000	 136.000000	  151.000000	 156.000000	 -0.022910	 11047.992350	  1883570.474460
131.000000	 136.000000	  156.000000	 161.000000	 -0.011455	 11047.992350	  1883570.474460
131.000000	 136.000000	  161.000000	 166.000000	 -0.007222	 11047.992350	  1883570.474460
131.000000	 136.000000	  166.000000	 171.000000	 -0.003404	 11047.992350	  1883570.474460
131.000000	 136.000000	  171.000000	 176.000000	 -0.001687	 11047.992350	  1883570.474460
131.000000	 136.000000	  176.000000	 181.000000	 -0.002960	 11047.992350	  1883570.474460
131.000000	 136.000000	  181.000000	 186.000000	 -0.000414	 11047.992350	  1883570.474460
131.000000	 136.000000	  186.000000	 191.000000	 -0.000414	 11047.992350	  1883570.474460
136.000000	 141.000000	  146.000000	 151.000000	 -0.237857	 11050.022320	  1883578.156010
136.000000	 141.000000	  151.000000	 156.000000	 -0.058408	 11050.022320	  1883578.156010
136.000000	 141.000000	  156.000000	 161.000000	 -0.022867	 11050.022320	  1883578.156010
136.000000	 141.000000	  161.000000	 166.000000	 -0.011847	 11050.022320	  1883578.156010
136.000000	 141.000000	  166.000000	 171.000000	 -0.006352	 11050.022320	  1883578.156010
136.000000	 141.000000	  171.000000	 176.000000	 -0.003398	 11050.022320	  1883578.156010
136.000000	 141.000000	  176.000000	 181.000000	 -0.003811	 11050.022320	  1883578.156010
136.000000	 141.000000	  181.000000	 186.000000	 -0.000857	 11050.022320	  1883578.156010
136.000000	 141.000000	  186.000000	 191.000000	 -0.000857	 11050.022320	  1883578.156010
136.000000	 141.000000	  191.000000	 196.000000	 -0.000414	 11050.022320	  1883578.156010
141.000000	 146.000000	  151.000000	 156.000000	 -0.238693	 11048.717240	  1883585.123020
141.000000	 146.000000	  156.000000	 161.000000	 -0.058403	 11048.717240	  1883585.123020
141.000000	 146.000000	  161.000000	 166.000000	 -0.023722	 11048.717240	  1883585.123020
141.000000	 146.000000	  166.000000	 171.000000	 -0.011432	 11048.717240	  1883585.123020
141.000000	 146.000000	  171.000000	 176.000000	 -0.007208	 11048.717240	  1883585.123020
141.000000	 146.000000	  176.000000	 181.000000	 -0.002954	 11048.717240	  1883585.123020
141.000000	 146.000000	  181.000000	 186.000000	 -0.004224	 11048.717240	  1883585.123020
141.000000	 146.000000	  186.000000	 191.000000	 0.002127	 11048.717240	  1883585.123020
141.000000	 146.000000	  191.000000	 196.000000	 -0.004224	 11048.717240	  1883585.123020
141.000000	 146.000000	  196.000000	 201.000000	 -0.000414	 11048.717240	  1883585.123020
146.000000	 151.000000	  156.000000	 161.000000	 -0.239829	 11053.906420	  1883592.363200
146.000000	 151.000000	  161.000000	 166.000000	 -0.057514	 11053.906420	  1883592.363200
146.000000	 151.000000	  166.000000	 171.000000	 -0.024122	 11053.906420	  1883592.363200
146.000000	 151.000000	  171.000000	 176.000000	 -0.010570	 11053.906420	  1883592.363200
146.000000	 151.000000	  176.000000	 181.000000	 -0.008474	 11053.906420	  1883592.363200
146.000000	 151.000000	  181.000000	 186.000000	 -0.002126	 11053.906420	  1883592.363200
146.000000	 151.000000	  186.000000	 191.000000	 -0.003395	 11053.906420	  1883592.363200
146.000000	 151.000000	  191.000000	 196.000000	 -0.001683	 11053.906420	  1883592.363200
146.000000	 151.000000	  196.000000	 201.000000	 -0.001683	 11053.906420	  1883592.363200
146.000000	 151.000000	  201.000000	 206.000000	 -0.000413	 11053.906420	  1883592.363200
151.000000	 156.000000	  161.000000	 166.000000	 -0.237667	 11059.208410	  1883599.859680
151.000000	 156.000000	  166.000000	 171.000000	 -0.058260	 11059.208410	  1883599.859680
151.000000	 156.000000	  171.000000	 176.000000	 -0.022396	 11059.208410	  1883599.859680
151.000000	 156.000000	  176.000000	 181.000000	 -0.013084	 11059.208410	  1883599.859680
151.000000	 156.000000	  181.000000	 186.000000	 -0.007190	 11059.208410	  1883599.859680
151.000000	 156.000000	  186.000000	 191.000000	 -0.002122	 11059.208410	  1883599.859680
151.000000	 156.000000	  191.000000	 196.000000	 -0.003801	 11059.208410	  1883599.859680
151.000000	 156.000000	  196.000000	 201.000000	 0.000413	 11059.208410	  1883599.859680
151.000000	 156.000000	  201.000000	 206.000000	 -0.000855	 11059.208410	  1883599.859680
151.000000	 156.000000	  206.000000	 211.000000	 -0.004214	 11059.208410	  1883599.859680
156.000000	 161.000000	  166.000000	 171.000000	 -0.238264	 11061.780310	  1883609.343880
156.000000	 161.000000	  171.000000	 176.000000	 -0.059153	 11061.780310	  1883609.343880
156.000000	 161.000000	  176.000000	 181.000000	 -0.022824	 11061.780310	  1883609.343880
156.000000	 161.000000	  181.000000	 186.000000	 -0.011825	 11061.780310	  1883609.343880
156.000000	 161.000000	  186.000000	 191.000000	 -0.009289	 11061.780310	  1883609.343880
156.000000	 161.000000	  191.000000	 196.000000	 -0.002949	 11061.780310	  1883609.343880
156.000000	 161.000000	  196.000000	 201.000000	 -0.001681	 11061.780310	  1883609.343880
156.000000	 161.000000	  201.000000	 206.000000	 -0.001681	 11061.780310	  1883609.343880
156.000000	 161.000000	  206.000000	 211.000000	 -0.001268	 11061.780310	  1883609.343880
156.000000	 161.000000	  211.000000	 216.000000	 -0.000855	 11061.780310	  1883609.343880
161.000000	 166.000000	  171.000000	 176.000000	 -0.238039	 11055.828400	  1883617.191690
161.000000	 166.000000	  176.000000	 181.000000	 -0.058764	 11055.828400	  1883617.191690
161.000000	 166.000000	  181.000000	 186.000000	 -0.022845	 11055.828400	  1883617.191690
161.000000	 166.000000	  186.000000	 191.000000	 -0.016056	 11055.828400	  1883617.191690
161.000000	 166.000000	  191.000000	 196.000000	 -0.003807	 11055.828400	  1883617.191690
161.000000	 166.000000	  196.000000	 201.000000	 -0.003807	 11055.828400	  1883617.191690
161.000000	 166.000000	  201.000000	 206.000000	 -0.003807	 11055.828400	  1883617.191690
161.000000	 166.000000	  206.000000	 211.000000	 -0.002538	 11055.828400	  1883617.191690
161.000000	 166.000000	  211.000000	 216.000000	 -0.000413	 11055.828400	  1883617.191690
161.000000	 166.000000	  216.000000	 221.000000	 0.000856	 11055.828400	  1883617.191690
166.000000	 171.000000	  176.000000	 181.000000	 -0.239711	 11058.996320	  1883624.974470
166.000000	 171.000000	  181.000000	 186.000000	 -0.058864	 11058.996320	  1883624.974470
166.000000	 171.000000	  186.000000	 191.000000	 -0.023297	 11058.996320	  1883624.974470
166.000000	 171.000000	  191.000000	 196.000000	 -0.011442	 11058.996320	  1883624.974470
166.000000	 171.000000	  196.000000	 201.000000	 -0.006770	 11058.996320	  1883624.974470
166.000000	 171.000000	  201.000000	 206.000000	 -0.004228	 11058.996320	  1883624.974470
166.000000	 171.000000	  206.000000	 211.000000	 -0.002543	 11058.996320	  1883624.974470
166.000000	 171.000000	  211.000000	 216.000000	 -0.001685	 11058.996320	  1883624.974470
166.000000	 171.000000	  216.000000	 221.000000	 -0.001271	 11058.996320	  1883624.974470
166.000000	 171.000000	  221.000000	 226.000000	 0.000000	 11058.996320	  1883624.974470
171.000000	 176.000000	  181.000000	 186.000000	 -0.238053	 11061.038590	  1883637.427540
171.000000	 176.000000	  186.000000	 191.000000	 -0.058768	 11061.038590	  1883637.427540
171.000000	 176.000000	  191.000000	 196.000000	 -0.023702	 11061.038590	  1883637.427540
171.000000	 176.000000	  196.000000	 201.000000	 -0.011423	 11061.038590	  1883637.427540
171.000000	 176.000000	  201.000000	 206.000000	 -0.006759	 11061.038590	  1883637.427540
171.000000	 176.000000	  206.000000	 211.000000	 -0.002952	 11061.038590	  1883637.427540
171.000000	 176.000000	  211.000000	 216.000000	 -0.003808	 11061.038590	  1883637.427540
171.000000	 176.000000	  216.000000	 221.000000	 -0.001269	 11061.038590	  1883637.427540
171.000000	 176.000000	  221.000000	 226.000000	 -0.001682	 11061.038590	  1883637.427540
171.000000	 176.000000	  226.000000	 231.000000	 -0.000413	 11061.038590	  1883637.427540
176.000000	 181.000000	  186.000000	 191.000000	 -0.239563	 11062.383500	  1883644.178280
176.000000	 181.000000	  191.000000	 196.000000	 -0.058827	 11062.383500	  1883644.178280
176.000000	 181.000000	  196.000000	 201.000000	 -0.024139	 11062.383500	  1883644.178280
176.000000	 181.000000	  201.000000	 206.000000	 -0.012291	 11062.383500	  1883644.178280
176.000000	 181.000000	  206.000000	 211.000000	 -0.007209	 11062.383500	  1883644.178280
176.000000	 181.000000	  211.000000	 216.000000	 -0.003811	 11062.383500	  1883644.178280
176.000000	 181.000000	  216.000000	 221.000000	 -0.004225	 11062.383500	  1883644.178280
176.000000	 181.000000	  221.000000	 226.000000	 -0.001684	 11062.383500	  1883644.178280
176.000000	 181.000000	  226.000000	 231.000000	 -0.002127	 11062.383500	  1883644.178280
176.000000	 181.000000	  231.000000	 236.000000	 0.000414	 11062.383500	  1883644.178280
181.000000	 186.000000	  191.000000	 196.000000	 -0.237669	 11074.452500	  1883648.778520
181.000000	 186.000000	  196.000000	 201.000000	 -0.058877	 11074.452500	  1883648.778520
181.000000	 186.000000	  201.000000	 206.000000	 -0.023746	 11074.452500	  1883648.778520
181.000000	 186.000000	  206.000000	 211.000000	 -0.012302	 11074.452500	  1883648.778520
181.000000	 186.000000	  211.000000	 216.000000	 -0.008044	 11074.452500	  1883648.778520
181.000000	 186.000000	  216.000000	 221.000000	 -0.002543	 11074.452500	  1883648.778520
181.000000	 186.000000	  221.000000	 226.000000	 -0.003401	 11074.452500	  1883648.778520
181.000000	 186.000000	  226.000000	 231.000000	 -0.001686	 11074.452500	  1883648.778520
181.000000	 186.000000	  231.000000	 236.000000	 0.000000	 11074.452500	  1883648.778520
181.000000	 186.000000	  236.000000	 241.000000	 -0.003401	 11074.452500	  1883648.778520
186.000000	 191.000000	  196.000000	 201.000000	 -0.235978	 11080.567840	  1883645.416640
186.000000	 191.000000	  201.000000	 206.000000	 -0.057504	 11080.567840	  1883645.416640
186.000000	 191.000000	  206.000000	 211.000000	 -0.023704	 11080.567840	  1883645.416640
186.000000	 191.000000	  211.000000	 216.000000	 -0.011011	 11080.567840	  1883645.416640
186.000000	 191.000000	  216.000000	 221.000000	 -0.006347	 11080.567840	  1883645.416640
186.000000	 191.000000	  221.000000	 226.000000	 -0.002952	 11080.567840	  1883645.416640
186.000000	 191.000000	  226.000000	 231.000000	 -0.002952	 11080.567840	  1883645.416640
186.000000	 191.000000	  231.000000	 236.000000	 -0.002952	 11080.567840	  1883645.416640
186.000000	 191.000000	  236.000000	 241.000000	 -0.000413	 11080.567840	  1883645.416640
186.000000	 191.000000	  241.000000	 246.000000	 -0.001683	 11080.567840	  1883645.416640
191.000000	 196.000000	  201.000000	 206.000000	 -0.238789	 11086.675400	  1883652.857250
191.000000	 196.000000	  206.000000	 211.000000	 -0.059181	 11086.675400	  1883652.857250
191.000000	 196.000000	  211.000000	 216.000000	 -0.024103	 11086.675400	  1883652.857250
191.000000	 196.000000	  216.000000	 221.000000	 -0.015636	 11086.675400	  1883652.857250
191.000000	 196.000000	  221.000000	 226.000000	 -0.004219	 11086.675400	  1883652.857250
191.000000	 196.000000	  226.000000	 231.000000	 -0.004219	 11086.675400	  1883652.857250
191.000000	 196.000000	  231.000000	 236.000000	 -0.002537	 11086.675400	  1883652.857250
191.000000	 196.000000	  236.000000	 241.000000	 -0.002537	 11086.675400	  1883652.857250
191.000000	 196.000000	  241.000000	 246.000000	 0.002537	 11086.675400	  1883652.857250
191.000000	 196.000000	  246.000000	 251.000000	 -0.005930	 11086.675400	  1883652.857250
196.000000	 201.000000	  206.000000	 211.000000	 -0.237080	 11090.070730	  1883652.925610
196.000000	 201.000000	  211.000000	 216.000000	 -0.058732	 11090.070730	  1883652.925610
196.000000	 201.000000	  216.000000	 221.000000	 -0.024926	 11090.070730	  1883652.925610
196.000000	 201.000000	  221.000000	 226.000000	 -0.011416	 11090.070730	  1883652.925610
196.000000	 201.000000	  226.000000	 231.000000	 -0.006755	 11090.070730	  1883652.925610
196.000000	 201.000000	  231.000000	 236.000000	 -0.004661	 11090.070730	  1883652.925610
196.000000	 201.000000	  236.000000	 241.000000	 -0.002537	 11090.070730	  1883652.925610
196.000000	 201.000000	  241.000000	 246.000000	 -0.003392	 11090.070730	  1883652.925610
196.000000	 201.000000	  246.000000	 251.000000	 0.000413	 11090.070730	  1883652.925610
196.000000	 201.000000	  251.000000	 256.000000	 -0.000855	 11090.070730	  1883652.925610
201.000000	 206.000000	  211.000000	 216.000000	 -0.237360	 11084.676360	  1883663.755750
201.000000	 206.000000	  216.000000	 221.000000	 -0.058801	 11084.676360	  1883663.755750
201.000000	 206.000000	  221.000000	 226.000000	 -0.024129	 11084.676360	  1883663.755750
201.000000	 206.000000	  226.000000	 231.000000	 -0.011016	 11084.676360	  1883663.755750
201.000000	 206.000000	  231.000000	 236.000000	 -0.007620	 11084.676360	  1883663.755750
201.000000	 206.000000	  236.000000	 241.000000	 -0.005936	 11084.676360	  1883663.755750
201.000000	 206.000000	  241.000000	 246.000000	 -0.001270	 11084.676360	  1883663.755750
201.000000	 206.000000	  246.000000	 251.000000	 -0.000413	 11084.676360	  1883663.755750
201.000000	 206.000000	  251.000000	 256.000000	 -0.002126	 11084.676360	  1883663.755750
201.000000	 206.000000	  256.000000	 261.000000	 -0.001270	 11084.676360	  1883663.755750
206.000000	 211.000000	  216.000000	 221.000000	 -0.238341	 11086.136850	  1883675.436330
206.000000	 211.000000	  221.000000	 226.000000	 -0.058730	 11086.136850	  1883675.436330
206.000000	 211.000000	  226.000000	 231.000000	 -0.022831	 11086.136850	  1883675.436330
206.000000	 211.000000	  231.000000	 236.000000	 -0.017315	 11086.136850	  1883675.436330
206.000000	 211.000000	  236.000000	 241.000000	 -0.002537	 11086.136850	  1883675.436330
206.000000	 211.000000	  241.000000	 246.000000	 -0.004218	 11086.136850	  1883675.436330
206.000000	 211.000000	  246.000000	 251.000000	 -0.002124	 11086.136850	  1883675.436330
206.000000	 211.000000	  251.000000	 256.000000	 -0.001268	 11086.136850	  1883675.436330
206.000000	 211.000000	  256.000000	 261.000000	 -0.001681	 11086.136850	  1883675.436330
206.000000	 211.000000	  261.000000	 266.000000	 -0.000855	 11086.136850	  1883675.436330
211.000000	 216.000000	  221.000000	 226.000000	 -0.237465	 11086.801960	  1883683.559460
211.000000	 216.000000	  226.000000	 231.000000	 -0.061261	 11086.801960	  1883683.559460
211.000000	 216.000000	  231.000000	 236.000000	 -0.022416	 11086.801960	  1883683.559460
211.000000	 216.000000	  236.000000	 241.000000	 -0.012683	 11086.801960	  1883683.559460
211.000000	 216.000000	  241.000000	 246.000000	 -0.008023	 11086.801960	  1883683.559460
211.000000	 216.000000	  246.000000	 251.000000	 -0.004660	 11086.801960	  1883683.559460
211.000000	 216.000000	  251.000000	 256.000000	 -0.002950	 11086.801960	  1883683.559460
211.000000	 216.000000	  256.000000	 261.000000	 -0.001268	 11086.801960	  1883683.559460
211.000000	 216.000000	  261.000000	 266.000000	 -0.001681	 11086.801960	  1883683.559460
211.000000	 216.000000	  266.000000	 271.000000	 -0.002124	 11086.801960	  1883683.559460
216.000000	 221.000000	  226.000000	 231.000000	 -0.239116	 11090.826550	  1883691.233870
216.000000	 221.000000	  231.000000	 236.000000	 -0.057785	 11090.826550	  1883691.233870
216.000000	 221.000000	  236.000000	 241.000000	 -0.024462	 11090.826550	  1883691.233870
216.000000	 221.000000	  241.000000	 246.000000	 -0.012246	 11090.826550	  1883691.233870
216.000000	 221.000000	  246.000000	 251.000000	 -0.006329	 11090.826550	  1883691.233870
216.000000	 221.000000	  251.000000	 256.000000	 -0.004651	 11090.826550	  1883691.233870
216.000000	 221.000000	  256.000000	 261.000000	 -0.003385	 11090.826550	  1883691.233870
216.000000	 221.000000	  261.000000	 266.000000	 -0.001678	 11090.826550	  1883691.233870
216.000000	 221.000000	  266.000000	 271.000000	 -0.003797	 11090.826550	  1883691.233870
216.000000	 221.000000	  271.000000	 276.000000	 -0.001678	 11090.826550	  1883691.233870
221.000000	 226.000000	  231.000000	 236.000000	 -0.239577	 11102.384480	  1883697.463280
221.000000	 226.000000	  236.000000	 241.000000	 -0.059274	 11102.384480	  1883697.463280
221.000000	 226.000000	  241.000000	 246.000000	 -0.023727	 11102.384480	  1883697.463280
221.000000	 226.000000	  246.000000	 251.000000	 -0.011021	 11102.384480	  1883697.463280
221.000000	 226.000000	  251.000000	 256.000000	 -0.008480	 11102.384480	  1883697.463280
221.000000	 226.000000	  256.000000	 261.000000	 -0.002955	 11102.384480	  1883697.463280
221.000000	 226.000000	  261.000000	 266.000000	 -0.002955	 11102.384480	  1883697.463280
221.000000	 226.000000	  266.000000	 271.000000	 -0.001271	 11102.384480	  1883697.463280
221.000000	 226.000000	  271.000000	 276.000000	 -0.000857	 11102.384480	  1883697.463280
221.000000	 226.000000	  276.000000	 281.000000	 -0.001271	 11102.384480	  1883697.463280
226.000000	 231.000000	  236.000000	 241.000000	 -0.239045	 11115.013020	  1883702.504920
226.000000	 231.000000	  241.000000	 246.000000	 -0.062388	 11115.013020	  1883702.504920
226.000000	 231.000000	  246.000000	 251.000000	 -0.020659	 11115.013020	  1883702.504920
226.000000	 231.000000	  251.000000	 256.000000	 -0.012242	 11115.013020	  1883702.504920
226.000000	 231.000000	  256.000000	 261.000000	 -0.006327	 11115.013020	  1883702.504920
226.000000	 231.000000	  261.000000	 266.000000	 -0.002943	 11115.013020	  1883702.504920
226.000000	 231.000000	  266.000000	 271.000000	 -0.001265	 11115.013020	  1883702.504920
226.000000	 231.000000	  271.000000	 276.000000	 -0.002531	 11115.013020	  1883702.504920
226.000000	 231.000000	  276.000000	 281.000000	 -0.001677	 11115.013020	  1883702.504920
226.000000	 231.000000	  281.000000	 286.000000	 -0.000412	 11115.013020	  1883702.504920
231.000000	 236.000000	  241.000000	 246.000000	 -0.240129	 11129.912670	  1883706.806280
231.000000	 236.000000	  246.000000	 251.000000	 -0.059298	 11129.912670	  1883706.806280
231.000000	 236.000000	  251.000000	 256.000000	 -0.023984	 11129.912670	  1883706.806280
231.000000	 236.000000	  256.000000	 261.000000	 -0.010098	 11129.912670	  1883706.806280
231.000000	 236.000000	  261.000000	 266.000000	 -0.008425	 11129.912670	  1883706.806280
231.000000	 236.000000	  266.000000	 271.000000	 -0.004638	 11129.912670	  1883706.806280
231.000000	 236.000000	  271.000000	 276.000000	 -0.002114	 11129.912670	  1883706.806280
231.000000	 236.000000	  276.000000	 281.000000	 -0.000851	 11129.912670	  1883706.806280
231.000000	 236.000000	  281.000000	 286.000000	 -0.001673	 11129.912670	  1883706.806280
231.000000	 236.000000	  286.000000	 291.000000	 -0.003376	 11129.912670	  1883706.806280
236.000000	 241.000000	  246.000000	 251.000000	 -0.239123	 11141.614590	  1883709.742490
236.000000	 241.000000	  251.000000	 256.000000	 -0.058849	 11141.614590	  1883709.742490
236.000000	 241.000000	  256.000000	 261.000000	 -0.023968	 11141.614590	  1883709.742490
236.000000	 241.000000	  261.000000	 266.000000	 -0.011764	 11141.614590	  1883709.742490
236.000000	 241.000000	  266.000000	 271.000000	 -0.008830	 11141.614590	  1883709.742490
236.000000	 241.000000	  271.000000	 276.000000	 -0.003784	 11141.614590	  1883709.742490
236.000000	 241.000000	  276.000000	 281.000000	 -0.002523	 11141.614590	  1883709.742490
236.000000	 241.000000	  281.000000	 286.000000	 -0.002934	 11141.614590	  1883709.742490
236.000000	 241.000000	  286.000000	 291.000000	 -0.002112	 11141.614590	  1883709.742490
236.000000	 241.000000	  291.000000	 296.000000	 -0.000411	 11141.614590	  1883709.742490
241.000000	 246.000000	  251.000000	 256.000000	 -0.239443	 11154.651760	  1883707.811740
241.000000	 246.000000	  256.000000	 261.000000	 -0.059030	 11154.651760	  1883707.811740
241.000000	 246.000000	  261.000000	 266.000000	 -0.022776	 11154.651760	  1883707.811740
241.000000	 246.000000	  266.000000	 271.000000	 -0.013065	 11154.651760	  1883707.811740
241.000000	 246.000000	  271.000000	 276.000000	 -0.007180	 11154.651760	  1883707.811740
241.000000	 246.000000	  276.000000	 281.000000	 -0.004649	 11154.651760	  1883707.811740
241.000000	 246.000000	  281.000000	 286.000000	 -0.002119	 11154.651760	  1883707.811740
241.000000	 246.000000	  286.000000	 291.000000	 -0.002119	 11154.651760	  1883707.811740
241.000000	 246.000000	  291.000000	 296.000000	 -0.004208	 11154.651760	  1883707.811740
241.000000	 246.000000	  296.000000	 301.000000	 0.000853	 11154.651760	  1883707.811740
246.000000	 251.000000	  256.000000	 261.000000	 -0.239324	 11157.514830	  1883718.122200
246.000000	 251.000000	  261.000000	 266.000000	 -0.058147	 11157.514830	  1883718.122200
246.000000	 251.000000	  266.000000	 271.000000	 -0.024029	 11157.514830	  1883718.122200
246.000000	 251.000000	  271.000000	 276.000000	 -0.012647	 11157.514830	  1883718.122200
246.000000	 251.000000	  276.000000	 281.000000	 -0.007176	 11157.514830	  1883718.122200
246.000000	 251.000000	  281.000000	 286.000000	 -0.004206	 11157.514830	  1883718.122200
246.000000	 251.000000	  286.000000	 291.000000	 -0.003382	 11157.514830	  1883718.122200
246.000000	 251.000000	  291.000000	 296.000000	 -0.002118	 11157.514830	  1883718.122200
246.000000	 251.000000	  296.000000	 301.000000	 -0.000853	 11157.514830	  1883718.122200
246.000000	 251.000000	  301.000000	 306.000000	 -0.002118	 11157.514830	  1883718.122200
251.000000	 256.000000	  261.000000	 266.000000	 -0.238464	 11165.760080	  1883726.101240
251.000000	 256.000000	  266.000000	 271.000000	 -0.059410	 11165.760080	  1883726.101240
251.000000	 256.000000	  271.000000	 276.000000	 -0.023176	 11165.760080	  1883726.101240
251.000000	 256.000000	  276.000000	 281.000000	 -0.009264	 11165.760080	  1883726.101240
251.000000	 256.000000	  281.000000	 286.000000	 -0.010529	 11165.760080	  1883726.101240
251.000000	 256.000000	  286.000000	 291.000000	 -0.003382	 11165.760080	  1883726.101240
251.000000	 256.000000	  291.000000	 296.000000	 -0.003382	 11165.760080	  1883726.101240
251.000000	 256.000000	  296.000000	 301.000000	 -0.002529	 11165.760080	  1883726.101240
251.000000	 256.000000	  301.000000	 306.000000	 0.000412	 11165.760080	  1883726.101240
251.000000	 256.000000	  306.000000	 311.000000	 -0.001265	 11165.760080	  1883726.101240
256.000000	 261.000000	  266.000000	 271.000000	 -0.237220	 11169.144210	  1883733.790680
256.000000	 261.000000	  271.000000	 276.000000	 -0.060680	 11169.144210	  1883733.790680
256.000000	 261.000000	  276.000000	 281.000000	 -0.022766	 11169.144210	  1883733.790680
256.000000	 261.000000	  281.000000	 286.000000	 -0.013060	 11169.144210	  1883733.790680
256.000000	 261.000000	  286.000000	 291.000000	 -0.007177	 11169.144210	  1883733.790680
256.000000	 261.000000	  291.000000	 296.000000	 -0.003383	 11169.144210	  1883733.790680
256.000000	 261.000000	  296.000000	 301.000000	 -0.000412	 11169.144210	  1883733.790680
256.000000	 261.000000	  301.000000	 306.000000	 -0.003794	 11169.144210	  1883733.790680
256.000000	 261.000000	  306.000000	 311.000000	 -0.002118	 11169.144210	  1883733.790680
256.000000	 261.000000	  311.000000	 316.000000	 -0.000412	 11169.144210	  1883733.790680
261.000000	 266.000000	  271.000000	 276.000000	 -0.238206	 11171.330950	  1883735.959060
261.000000	 266.000000	  276.000000	 281.000000	 -0.059448	 11171.330950	  1883735.959060
261.000000	 266.000000	  281.000000	 286.000000	 -0.023632	 11171.330950	  1883735.959060
261.000000	 266.000000	  286.000000	 291.000000	 -0.010124	 11171.330950	  1883735.959060
261.000000	 266.000000	  291.000000	 296.000000	 -0.006739	 11171.330950	  1883735.959060
261.000000	 266.000000	  296.000000	 301.000000	 -0.003384	 11171.330950	  1883735.959060
261.000000	 266.000000	  301.000000	 306.000000	 -0.002943	 11171.330950	  1883735.959060
261.000000	 266.000000	  306.000000	 311.000000	 -0.002119	 11171.330950	  1883735.959060
261.000000	 266.000000	  311.000000	 316.000000	 -0.001265	 11171.330950	  1883735.959060
261.000000	 266.000000	  316.000000	 321.000000	 -0.000412	 11171.330950	  1883735.959060
266.000000	 271.000000	  276.000000	 281.000000	 -0.239376	 11178.073400	  1883742.644910
266.000000	 271.000000	  281.000000	 286.000000	 -0.058673	 11178.073400	  1883742.644910
266.000000	 271.000000	  286.000000	 291.000000	 -0.021542	 11178.073400	  1883742.644910
266.000000	 271.000000	  291.000000	 296.000000	 -0.011817	 11178.073400	  1883742.644910
266.000000	 271.000000	  296.000000	 301.000000	 -0.006748	 11178.073400	  1883742.644910
266.000000	 271.000000	  301.000000	 306.000000	 -0.002122	 11178.073400	  1883742.644910
266.000000	 271.000000	  306.000000	 311.000000	 -0.003801	 11178.073400	  1883742.644910
266.000000	 271.000000	  311.000000	 316.000000	 -0.003389	 11178.073400	  1883742.644910
266.000000	 271.000000	  316.000000	 321.000000	 0.000000	 11178.073400	  1883742.644910
266.000000	 271.000000	  321.000000	 326.000000	 -0.003389	 11178.073400	  1883742.644910
271.000000	 276.000000	  281.000000	 286.000000	 -0.239937	 11183.457410	  1883748.301940
271.000000	 276.000000	  286.000000	 291.000000	 -0.057678	 11183.457410	  1883748.301940
271.000000	 276.000000	  291.000000	 296.000000	 -0.021067	 11183.457410	  1883748.301940
271.000000	 276.000000	  296.000000	 301.000000	 -0.011782	 11183.457410	  1883748.301940
271.000000	 276.000000	  301.000000	 306.000000	 -0.004642	 11183.457410	  1883748.301940
271.000000	 276.000000	  306.000000	 311.000000	 -0.002527	 11183.457410	  1883748.301940
271.000000	 276.000000	  311.000000	 316.000000	 -0.006317	 11183.457410	  1883748.301940
271.000000	 276.000000	  316.000000	 321.000000	 0.000852	 11183.457410	  1883748.301940
271.000000	 276.000000	  321.000000	 326.000000	 -0.001675	 11183.457410	  1883748.301940
271.000000	 276.000000	  326.000000	 331.000000	 -0.000852	 11183.457410	  1883748.301940
