-91.592258,16.990168
-91.592253,16.990160
-91.592230,16.990068
-91.592228,16.990060
-91.592227,16.990052
-91.592223,16.990043
-91.592220,16.989950
-91.592222,16.989942
-91.592223,16.989933
-91.592225,16.989925
-91.592260,16.989832
-91.592265,16.989825
-91.592268,16.989817
-91.592273,16.989810
-91.592312,16.989722
-91.592315,16.989708
-91.592320,16.989693
-91.592325,16.989677
-91.592345,16.989575
-91.592347,16.989557
-91.592347,16.989537
-91.592347,16.989518
-91.592348,16.989500
-91.592350,16.989482
-91.592353,16.989463
-91.592358,16.989445
-91.592363,16.989428
-91.592370,16.989412
-91.592377,16.989395
-91.592383,16.989378
-91.592388,16.989360
-91.592393,16.989343
-91.592403,16.989237
-91.592403,16.989218
-91.592405,16.989202
-91.592405,16.989183
-91.592398,16.989078
-91.592398,16.989062
-91.592397,16.989043
-91.592395,16.989023
-91.592393,16.989005
-91.592392,16.988987
-91.592392,16.988968
-91.592392,16.988950
-91.592403,16.988842
-91.592405,16.988823
-91.592405,16.988807
-91.592407,16.988788
-91.592408,16.988770
-91.592410,16.988752
-91.592412,16.988733
-91.592413,16.988717
-91.592417,16.988680
-91.592418,16.988663
-91.592422,16.988645
-91.592425,16.988627
-91.592432,16.988608
-91.592438,16.988592
-91.592445,16.988575
-91.592477,16.988510
-91.592483,16.988493
-91.592492,16.988475
-91.592498,16.988458
-91.592505,16.988442
-91.592513,16.988425
-91.592520,16.988408
-91.592527,16.988390
-91.592533,16.988373
-91.592538,16.988355
-91.592545,16.988338
-91.592550,16.988320
-91.592555,16.988302
-91.592558,16.988285
-91.592563,16.988267
-91.592568,16.988248
-91.592573,16.988230
-91.592580,16.988212
-91.592585,16.988195
-91.592593,16.988177
-91.592598,16.988160
-91.592605,16.988142
-91.592612,16.988125
-91.592618,16.988107
-91.592623,16.988090
-91.592630,16.988072
-91.592637,16.988055
-91.592643,16.988037
-91.592650,16.988020
-91.592657,16.988002
-91.592662,16.987985
-91.592667,16.987967
-91.592670,16.987948
-91.592673,16.987932
-91.592677,16.987913
-91.592680,16.987895
-91.592685,16.987877
-91.592688,16.987858
-91.592692,16.987842
-91.592695,16.987823
-91.592697,16.987805
-91.592697,16.987787
-91.592697,16.987768
-91.592698,16.987750
-91.592700,16.987732
-91.592705,16.987713
-91.592708,16.987697
-91.592713,16.987678
-91.592718,16.987662
-91.592722,16.987643
-91.592725,16.987627
-91.592725,16.987553
-91.592725,16.987537
-91.592725,16.987518
-91.592725,16.987500
-91.592723,16.987480
-91.592723,16.987462
-91.592720,16.987443
-91.592717,16.987425
-91.592713,16.987407
-91.592712,16.987388
-91.592708,16.987370
-91.592708,16.987352
-91.592710,16.987335
-91.592712,16.987317
-91.592712,16.987300
-91.592712,16.987282
-91.592712,16.987263
-91.592712,16.987243
-91.592710,16.987225
-91.592712,16.987207
-91.592713,16.987187
-91.592715,16.987168
-91.592715,16.987152
-91.592717,16.987133
-91.592718,16.987115
-91.592718,16.987097
-91.592720,16.987078
-91.592718,16.987060
-91.592718,16.987040
-91.592718,16.987022
-91.592717,16.987002
-91.592717,16.986983
-91.592718,16.986965
-91.592718,16.986947
-91.592718,16.986928
-91.592720,16.986910
-91.592718,16.986890
-91.592718,16.986872
-91.592720,16.986853
-91.592722,16.986835
-91.592725,16.986817
-91.592728,16.986798
-91.592730,16.986782
-91.592733,16.986763
-91.592733,16.986743
-91.592733,16.986727
-91.592735,16.986707
-91.592735,16.986688
-91.592738,16.986668
-91.592742,16.986648
-91.592747,16.986630
-91.592748,16.986613
-91.592748,16.986522
-91.592747,16.986503
-91.592745,16.986485
-91.592745,16.986467
-91.592745,16.986448
-91.592745,16.986430
-91.592745,16.986412
-91.592743,16.986393
-91.592742,16.986373
-91.592738,16.986355
-91.592738,16.986335
-91.592738,16.986317
-91.592740,16.986298
-91.592742,16.986280
-91.592742,16.986262
-91.592732,16.986192
-91.592727,16.986173
-91.592723,16.986155
-91.592720,16.986135
-91.592718,16.986117
-91.592718,16.986098
-91.592717,16.986080
-91.592717,16.986060
-91.592715,16.986042
-91.592712,16.986022
-91.592708,16.986003
-91.592705,16.985985
-91.592700,16.985967
-91.592697,16.985948
-91.592693,16.985930
-91.592692,16.985912
-91.592690,16.985893
-91.592687,16.985875
-91.592683,16.985857
-91.592680,16.985840
-91.592677,16.985820
-91.592673,16.985802
-91.592670,16.985782
-91.592667,16.985763
-91.592662,16.985745
-91.592658,16.985727
-91.592653,16.985708
-91.592648,16.985692
-91.592642,16.985673
-91.592635,16.985655
-91.592630,16.985637
-91.592627,16.985617
-91.592625,16.985598
-91.592623,16.985580
-91.592623,16.985560
-91.592620,16.985542
-91.592618,16.985525
-91.592613,16.985507
-91.592608,16.985490
-91.592605,16.985472
-91.592583,16.985368
-91.592578,16.985350
-91.592575,16.985333
-91.592572,16.985315
-91.592570,16.985297
-91.592570,16.985280
-91.592552,16.985175
-91.592548,16.985157
-91.592545,16.985138
-91.592543,16.985120
-91.592543,16.985102
-91.592542,16.985083
-91.592540,16.985067
-91.592538,16.985050
-91.592513,16.984947
-91.592510,16.984928
-91.592505,16.984912
-91.592500,16.984893
-91.592482,16.984842
-91.592477,16.984823
-91.592472,16.984807
-91.592467,16.984788
-91.592462,16.984772
-91.592455,16.984753
-91.592450,16.984735
-91.592445,16.984717
-91.592440,16.984698
-91.592437,16.984680
-91.592435,16.984662
-91.592433,16.984643
-91.592433,16.984625
-91.592430,16.984607
-91.592428,16.984588
-91.592428,16.984568
-91.592428,16.984550
-91.592428,16.984532
-91.592430,16.984513
-91.592432,16.984495
-91.592432,16.984477
-91.592433,16.984458
-91.592433,16.984440
-91.592435,16.984422
-91.592437,16.984402
-91.592440,16.984383
-91.592443,16.984365
-91.592447,16.984347
-91.592453,16.984272
-91.592453,16.984253
-91.592453,16.984235
-91.592455,16.984215
-91.592455,16.984197
-91.592457,16.984178
-91.592455,16.984160
-91.592455,16.984142
-91.592453,16.984123
-91.592450,16.984105
-91.592448,16.984085
-91.592445,16.984067
-91.592443,16.984047
-91.592438,16.984030
