1.000000	 6.000000	  11.000000	 16.000000	 -0.239636	 10472.605910	  1883779.604270
1.000000	 6.000000	  16.000000	 21.000000	 -0.060554	 10472.605910	  1883779.604270
1.000000	 6.000000	  21.000000	 26.000000	 -0.023370	 10472.605910	  1883779.604270
1.000000	 6.000000	  26.000000	 31.000000	 -0.011036	 10472.605910	  1883779.604270
1.000000	 6.000000	  31.000000	 36.000000	 -0.005405	 10472.605910	  1883779.604270
1.000000	 6.000000	  36.000000	 41.000000	 -0.002808	 10472.605910	  1883779.604270
1.000000	 6.000000	  41.000000	 46.000000	 -0.002597	 10472.605910	  1883779.604270
1.000000	 6.000000	  46.000000	 51.000000	 -0.001087	 10472.605910	  1883779.604270
1.000000	 6.000000	  51.000000	 56.000000	 -0.001087	 10472.605910	  1883779.604270
1.000000	 6.000000	  56.000000	 61.000000	 -0.001298	 10472.605910	  1883779.604270
6.000000	 11.000000	  16.000000	 21.000000	 -0.241399	 10484.725980	  1883785.362150
6.000000	 11.000000	  21.000000	 26.000000	 -0.059815	 10484.725980	  1883785.362150
6.000000	 11.000000	  26.000000	 31.000000	 -0.021654	 10484.725980	  1883785.362150
6.000000	 11.000000	  31.000000	 36.000000	 -0.010505	 10484.725980	  1883785.362150
6.000000	 11.000000	  36.000000	 41.000000	 -0.004938	 10484.725980	  1883785.362150
6.000000	 11.000000	  41.000000	 46.000000	 -0.003651	 10484.725980	  1883785.362150
6.000000	 11.000000	  46.000000	 51.000000	 -0.002140	 10484.725980	  1883785.362150
6.000000	 11.000000	  51.000000	 56.000000	 -0.001721	 10484.725980	  1883785.362150
6.000000	 11.000000	  56.000000	 61.000000	 -0.001287	 10484.725980	  1883785.362150
6.000000	 11.000000	  61.000000	 66.000000	 -0.001077	 10484.725980	  1883785.362150
11.000000	 16.000000	  21.000000	 26.000000	 -0.237018	 10500.814690	  1883788.313940
11.000000	 16.000000	  26.000000	 31.000000	 -0.056033	 10500.814690	  1883788.313940
11.000000	 16.000000	  31.000000	 36.000000	 -0.021685	 10500.814690	  1883788.313940
11.000000	 16.000000	  36.000000	 41.000000	 -0.009876	 10500.814690	  1883788.313940
11.000000	 16.000000	  41.000000	 46.000000	 -0.005800	 10500.814690	  1883788.313940
11.000000	 16.000000	  46.000000	 51.000000	 -0.003657	 10500.814690	  1883788.313940
11.000000	 16.000000	  51.000000	 56.000000	 -0.002578	 10500.814690	  1883788.313940
11.000000	 16.000000	  56.000000	 61.000000	 -0.001723	 10500.814690	  1883788.313940
11.000000	 16.000000	  61.000000	 66.000000	 -0.000644	 10500.814690	  1883788.313940
11.000000	 16.000000	  66.000000	 71.000000	 -0.001079	 10500.814690	  1883788.313940
16.000000	 21.000000	  26.000000	 31.000000	 -0.239273	 10519.064170	  1883792.324850
16.000000	 21.000000	  31.000000	 36.000000	 -0.059927	 10519.064170	  1883792.324850
16.000000	 21.000000	  36.000000	 41.000000	 -0.023854	 10519.064170	  1883792.324850
16.000000	 21.000000	  41.000000	 46.000000	 -0.012249	 10519.064170	  1883792.324850
16.000000	 21.000000	  46.000000	 51.000000	 -0.006882	 10519.064170	  1883792.324850
16.000000	 21.000000	  51.000000	 56.000000	 -0.003868	 10519.064170	  1883792.324850
16.000000	 21.000000	  56.000000	 61.000000	 -0.002789	 10519.064170	  1883792.324850
16.000000	 21.000000	  61.000000	 66.000000	 -0.001724	 10519.064170	  1883792.324850
16.000000	 21.000000	  66.000000	 71.000000	 -0.001289	 10519.064170	  1883792.324850
16.000000	 21.000000	  71.000000	 76.000000	 -0.001499	 10519.064170	  1883792.324850
21.000000	 26.000000	  31.000000	 36.000000	 -0.238882	 10538.124400	  1883798.377860
21.000000	 26.000000	  36.000000	 41.000000	 -0.059555	 10538.124400	  1883798.377860
21.000000	 26.000000	  41.000000	 46.000000	 -0.024525	 10538.124400	  1883798.377860
21.000000	 26.000000	  46.000000	 51.000000	 -0.012037	 10538.124400	  1883798.377860
21.000000	 26.000000	  51.000000	 56.000000	 -0.006454	 10538.124400	  1883798.377860
21.000000	 26.000000	  56.000000	 61.000000	 -0.004518	 10538.124400	  1883798.377860
21.000000	 26.000000	  61.000000	 66.000000	 -0.002371	 10538.124400	  1883798.377860
21.000000	 26.000000	  66.000000	 71.000000	 -0.001501	 10538.124400	  1883798.377860
21.000000	 26.000000	  71.000000	 76.000000	 -0.001726	 10538.124400	  1883798.377860
21.000000	 26.000000	  76.000000	 81.000000	 -0.000645	 10538.124400	  1883798.377860
26.000000	 31.000000	  36.000000	 41.000000	 -0.238309	 10555.719320	  1883807.002050
26.000000	 31.000000	  41.000000	 46.000000	 -0.059908	 10555.719320	  1883807.002050
26.000000	 31.000000	  46.000000	 51.000000	 -0.023930	 10555.719320	  1883807.002050
26.000000	 31.000000	  51.000000	 56.000000	 -0.012499	 10555.719320	  1883807.002050
26.000000	 31.000000	  56.000000	 61.000000	 -0.006678	 10555.719320	  1883807.002050
26.000000	 31.000000	  61.000000	 66.000000	 -0.004738	 10555.719320	  1883807.002050
26.000000	 31.000000	  66.000000	 71.000000	 -0.002798	 10555.719320	  1883807.002050
26.000000	 31.000000	  71.000000	 76.000000	 -0.001940	 10555.719320	  1883807.002050
26.000000	 31.000000	  76.000000	 81.000000	 -0.001504	 10555.719320	  1883807.002050
26.000000	 31.000000	  81.000000	 86.000000	 -0.000857	 10555.719320	  1883807.002050
31.000000	 36.000000	  41.000000	 46.000000	 -0.238382	 10570.889380	  1883809.816900
31.000000	 36.000000	  46.000000	 51.000000	 -0.059980	 10570.889380	  1883809.816900
31.000000	 36.000000	  51.000000	 56.000000	 -0.024170	 10570.889380	  1883809.816900
31.000000	 36.000000	  56.000000	 61.000000	 -0.011866	 10570.889380	  1883809.816900
31.000000	 36.000000	  61.000000	 66.000000	 -0.007123	 10570.889380	  1883809.816900
31.000000	 36.000000	  66.000000	 71.000000	 -0.004322	 10570.889380	  1883809.816900
31.000000	 36.000000	  71.000000	 76.000000	 -0.003238	 10570.889380	  1883809.816900
31.000000	 36.000000	  76.000000	 81.000000	 -0.002590	 10570.889380	  1883809.816900
31.000000	 36.000000	  81.000000	 86.000000	 -0.001506	 10570.889380	  1883809.816900
31.000000	 36.000000	  86.000000	 91.000000	 -0.001295	 10570.889380	  1883809.816900
36.000000	 41.000000	  46.000000	 51.000000	 -0.239192	 10588.243750	  1883812.527640
36.000000	 41.000000	  51.000000	 56.000000	 -0.060020	 10588.243750	  1883812.527640
36.000000	 41.000000	  56.000000	 61.000000	 -0.024397	 10588.243750	  1883812.527640
36.000000	 41.000000	  61.000000	 66.000000	 -0.011663	 10588.243750	  1883812.527640
36.000000	 41.000000	  66.000000	 71.000000	 -0.007339	 10588.243750	  1883812.527640
36.000000	 41.000000	  71.000000	 76.000000	 -0.003240	 10588.243750	  1883812.527640
36.000000	 41.000000	  76.000000	 81.000000	 -0.002381	 10588.243750	  1883812.527640
36.000000	 41.000000	  81.000000	 86.000000	 -0.002155	 10588.243750	  1883812.527640
36.000000	 41.000000	  86.000000	 91.000000	 -0.001085	 10588.243750	  1883812.527640
36.000000	 41.000000	  91.000000	 96.000000	 -0.001085	 10588.243750	  1883812.527640
41.000000	 46.000000	  51.000000	 56.000000	 -0.238976	 10602.413510	  1883811.455150
41.000000	 46.000000	  56.000000	 61.000000	 -0.060281	 10602.413510	  1883811.455150
41.000000	 46.000000	  61.000000	 66.000000	 -0.024122	 10602.413510	  1883811.455150
41.000000	 46.000000	  66.000000	 71.000000	 -0.011632	 10602.413510	  1883811.455150
41.000000	 46.000000	  71.000000	 76.000000	 -0.006898	 10602.413510	  1883811.455150
41.000000	 46.000000	  76.000000	 81.000000	 -0.004734	 10602.413510	  1883811.455150
41.000000	 46.000000	  81.000000	 86.000000	 -0.002375	 10602.413510	  1883811.455150
41.000000	 46.000000	  86.000000	 91.000000	 -0.001939	 10602.413510	  1883811.455150
41.000000	 46.000000	  91.000000	 96.000000	 -0.001939	 10602.413510	  1883811.455150
41.000000	 46.000000	  96.000000	 101.000000	 -0.000857	 10602.413510	  1883811.455150
46.000000	 51.000000	  56.000000	 61.000000	 -0.238431	 10610.233290	  1883809.051940
46.000000	 51.000000	  61.000000	 66.000000	 -0.060360	 10610.233290	  1883809.051940
46.000000	 51.000000	  66.000000	 71.000000	 -0.024364	 10610.233290	  1883809.051940
46.000000	 51.000000	  71.000000	 76.000000	 -0.011648	 10610.233290	  1883809.051940
46.000000	 51.000000	  76.000000	 81.000000	 -0.007118	 10610.233290	  1883809.051940
46.000000	 51.000000	  81.000000	 86.000000	 -0.004740	 10610.233290	  1883809.051940
46.000000	 51.000000	  86.000000	 91.000000	 -0.002152	 10610.233290	  1883809.051940
46.000000	 51.000000	  91.000000	 96.000000	 -0.001941	 10610.233290	  1883809.051940
46.000000	 51.000000	  96.000000	 101.000000	 -0.001941	 10610.233290	  1883809.051940
46.000000	 51.000000	  101.000000	 106.000000	 -0.000647	 10610.233290	  1883809.051940
51.000000	 56.000000	  61.000000	 66.000000	 -0.237986	 10628.430640	  1883810.844490
51.000000	 56.000000	  66.000000	 71.000000	 -0.060745	 10628.430640	  1883810.844490
51.000000	 56.000000	  71.000000	 76.000000	 -0.023357	 10628.430640	  1883810.844490
51.000000	 56.000000	  76.000000	 81.000000	 -0.012101	 10628.430640	  1883810.844490
51.000000	 56.000000	  81.000000	 86.000000	 -0.005402	 10628.430640	  1883810.844490
51.000000	 56.000000	  86.000000	 91.000000	 -0.003033	 10628.430640	  1883810.844490
51.000000	 56.000000	  91.000000	 96.000000	 -0.001509	 10628.430640	  1883810.844490
51.000000	 56.000000	  96.000000	 101.000000	 -0.000649	 10628.430640	  1883810.844490
51.000000	 56.000000	  101.000000	 106.000000	 -0.000438	 10628.430640	  1883810.844490
51.000000	 56.000000	  106.000000	 111.000000	 -0.000649	 10628.430640	  1883810.844490
56.000000	 61.000000	  66.000000	 71.000000	 -0.239119	 10640.987410	  1883814.989110
56.000000	 61.000000	  71.000000	 76.000000	 -0.060972	 10640.987410	  1883814.989110
56.000000	 61.000000	  76.000000	 81.000000	 -0.024434	 10640.987410	  1883814.989110
56.000000	 61.000000	  81.000000	 86.000000	 -0.011893	 10640.987410	  1883814.989110
56.000000	 61.000000	  86.000000	 91.000000	 -0.007350	 10640.987410	  1883814.989110
56.000000	 61.000000	  91.000000	 96.000000	 -0.005192	 10640.987410	  1883814.989110
56.000000	 61.000000	  96.000000	 101.000000	 -0.002596	 10640.987410	  1883814.989110
56.000000	 61.000000	  101.000000	 106.000000	 -0.002158	 10640.987410	  1883814.989110
56.000000	 61.000000	  106.000000	 111.000000	 -0.001947	 10640.987410	  1883814.989110
56.000000	 61.000000	  111.000000	 116.000000	 -0.001087	 10640.987410	  1883814.989110
61.000000	 66.000000	  71.000000	 76.000000	 -0.239178	 10654.497490	  1883816.416050
61.000000	 66.000000	  76.000000	 81.000000	 -0.060603	 10654.497490	  1883816.416050
61.000000	 66.000000	  81.000000	 86.000000	 -0.024900	 10654.497490	  1883816.416050
61.000000	 66.000000	  86.000000	 91.000000	 -0.011906	 10654.497490	  1883816.416050
61.000000	 66.000000	  91.000000	 96.000000	 -0.006935	 10654.497490	  1883816.416050
61.000000	 66.000000	  96.000000	 101.000000	 -0.004759	 10654.497490	  1883816.416050
61.000000	 66.000000	  101.000000	 106.000000	 -0.002599	 10654.497490	  1883816.416050
61.000000	 66.000000	  106.000000	 111.000000	 -0.001511	 10654.497490	  1883816.416050
61.000000	 66.000000	  111.000000	 116.000000	 -0.001949	 10654.497490	  1883816.416050
61.000000	 66.000000	  116.000000	 121.000000	 -0.000650	 10654.497490	  1883816.416050
66.000000	 71.000000	  76.000000	 81.000000	 -0.239310	 10670.321590	  1883821.098370
66.000000	 71.000000	  81.000000	 86.000000	 -0.060583	 10670.321590	  1883821.098370
66.000000	 71.000000	  86.000000	 91.000000	 -0.024454	 10670.321590	  1883821.098370
66.000000	 71.000000	  91.000000	 96.000000	 -0.012340	 10670.321590	  1883821.098370
66.000000	 71.000000	  96.000000	 101.000000	 -0.006933	 10670.321590	  1883821.098370
66.000000	 71.000000	  101.000000	 106.000000	 -0.004758	 10670.321590	  1883821.098370
66.000000	 71.000000	  106.000000	 111.000000	 -0.002809	 10670.321590	  1883821.098370
66.000000	 71.000000	  111.000000	 116.000000	 -0.001948	 10670.321590	  1883821.098370
66.000000	 71.000000	  116.000000	 121.000000	 -0.001510	 10670.321590	  1883821.098370
66.000000	 71.000000	  121.000000	 126.000000	 -0.001087	 10670.321590	  1883821.098370
71.000000	 76.000000	  81.000000	 86.000000	 -0.239876	 10690.181790	  1883825.487790
71.000000	 76.000000	  86.000000	 91.000000	 -0.060562	 10690.181790	  1883825.487790
71.000000	 76.000000	  91.000000	 96.000000	 -0.024672	 10690.181790	  1883825.487790
71.000000	 76.000000	  96.000000	 101.000000	 -0.012547	 10690.181790	  1883825.487790
71.000000	 76.000000	  101.000000	 106.000000	 -0.007142	 10690.181790	  1883825.487790
71.000000	 76.000000	  106.000000	 111.000000	 -0.004333	 10690.181790	  1883825.487790
71.000000	 76.000000	  111.000000	 116.000000	 -0.003035	 10690.181790	  1883825.487790
71.000000	 76.000000	  116.000000	 121.000000	 -0.002159	 10690.181790	  1883825.487790
71.000000	 76.000000	  121.000000	 126.000000	 -0.001736	 10690.181790	  1883825.487790
71.000000	 76.000000	  126.000000	 131.000000	 -0.001087	 10690.181790	  1883825.487790
76.000000	 81.000000	  86.000000	 91.000000	 -0.239985	 10705.700020	  1883831.025900
76.000000	 81.000000	  91.000000	 96.000000	 -0.060276	 10705.700020	  1883831.025900
76.000000	 81.000000	  96.000000	 101.000000	 -0.024289	 10705.700020	  1883831.025900
76.000000	 81.000000	  101.000000	 106.000000	 -0.012364	 10705.700020	  1883831.025900
76.000000	 81.000000	  106.000000	 111.000000	 -0.006946	 10705.700020	  1883831.025900
76.000000	 81.000000	  111.000000	 116.000000	 -0.004555	 10705.700020	  1883831.025900
76.000000	 81.000000	  116.000000	 121.000000	 -0.003042	 10705.700020	  1883831.025900
76.000000	 81.000000	  121.000000	 126.000000	 -0.002815	 10705.700020	  1883831.025900
76.000000	 81.000000	  126.000000	 131.000000	 -0.000863	 10705.700020	  1883831.025900
76.000000	 81.000000	  131.000000	 136.000000	 -0.001090	 10705.700020	  1883831.025900
81.000000	 86.000000	  91.000000	 96.000000	 -0.239467	 10720.823010	  1883834.202290
81.000000	 86.000000	  96.000000	 101.000000	 -0.061218	 10720.823010	  1883834.202290
81.000000	 86.000000	  101.000000	 106.000000	 -0.024675	 10720.823010	  1883834.202290
81.000000	 86.000000	  106.000000	 111.000000	 -0.012111	 10720.823010	  1883834.202290
81.000000	 86.000000	  111.000000	 116.000000	 -0.006705	 10720.823010	  1883834.202290
81.000000	 86.000000	  116.000000	 121.000000	 -0.004334	 10720.823010	  1883834.202290
81.000000	 86.000000	  121.000000	 126.000000	 -0.003035	 10720.823010	  1883834.202290
81.000000	 86.000000	  126.000000	 131.000000	 -0.001948	 10720.823010	  1883834.202290
81.000000	 86.000000	  131.000000	 136.000000	 -0.001299	 10720.823010	  1883834.202290
81.000000	 86.000000	  136.000000	 141.000000	 -0.001510	 10720.823010	  1883834.202290
86.000000	 91.000000	  96.000000	 101.000000	 -0.239337	 10736.290060	  1883833.423150
86.000000	 91.000000	  101.000000	 106.000000	 -0.060536	 10736.290060	  1883833.423150
86.000000	 91.000000	  106.000000	 111.000000	 -0.024435	 10736.290060	  1883833.423150
86.000000	 91.000000	  111.000000	 116.000000	 -0.012542	 10736.290060	  1883833.423150
86.000000	 91.000000	  116.000000	 121.000000	 -0.007350	 10736.290060	  1883833.423150
86.000000	 91.000000	  121.000000	 126.000000	 -0.004332	 10736.290060	  1883833.423150
86.000000	 91.000000	  126.000000	 131.000000	 -0.002807	 10736.290060	  1883833.423150
86.000000	 91.000000	  131.000000	 136.000000	 -0.001509	 10736.290060	  1883833.423150
86.000000	 91.000000	  136.000000	 141.000000	 -0.001509	 10736.290060	  1883833.423150
86.000000	 91.000000	  141.000000	 146.000000	 -0.001298	 10736.290060	  1883833.423150
91.000000	 96.000000	  101.000000	 106.000000	 -0.240567	 10751.004330	  1883830.904450
91.000000	 96.000000	  106.000000	 111.000000	 -0.061110	 10751.004330	  1883830.904450
91.000000	 96.000000	  111.000000	 116.000000	 -0.024194	 10751.004330	  1883830.904450
91.000000	 96.000000	  116.000000	 121.000000	 -0.012738	 10751.004330	  1883830.904450
91.000000	 96.000000	  121.000000	 126.000000	 -0.006693	 10751.004330	  1883830.904450
91.000000	 96.000000	  126.000000	 131.000000	 -0.004100	 10751.004330	  1883830.904450
91.000000	 96.000000	  131.000000	 136.000000	 -0.003241	 10751.004330	  1883830.904450
91.000000	 96.000000	  136.000000	 141.000000	 -0.001296	 10751.004330	  1883830.904450
91.000000	 96.000000	  141.000000	 146.000000	 -0.001507	 10751.004330	  1883830.904450
91.000000	 96.000000	  146.000000	 151.000000	 -0.001734	 10751.004330	  1883830.904450
96.000000	 101.000000	  106.000000	 111.000000	 -0.241419	 10764.015560	  1883831.662730
96.000000	 101.000000	  111.000000	 116.000000	 -0.060302	 10764.015560	  1883831.662730
96.000000	 101.000000	  116.000000	 121.000000	 -0.024863	 10764.015560	  1883831.662730
96.000000	 101.000000	  121.000000	 126.000000	 -0.012748	 10764.015560	  1883831.662730
96.000000	 101.000000	  126.000000	 131.000000	 -0.006276	 10764.015560	  1883831.662730
96.000000	 101.000000	  131.000000	 136.000000	 -0.005401	 10764.015560	  1883831.662730
96.000000	 101.000000	  136.000000	 141.000000	 -0.001946	 10764.015560	  1883831.662730
96.000000	 101.000000	  141.000000	 146.000000	 -0.002384	 10764.015560	  1883831.662730
96.000000	 101.000000	  146.000000	 151.000000	 -0.001946	 10764.015560	  1883831.662730
96.000000	 101.000000	  151.000000	 156.000000	 -0.000438	 10764.015560	  1883831.662730
101.000000	 106.000000	  111.000000	 116.000000	 -0.240974	 10777.893270	  1883831.420330
101.000000	 106.000000	  116.000000	 121.000000	 -0.060791	 10777.893270	  1883831.420330
101.000000	 106.000000	  121.000000	 126.000000	 -0.024673	 10777.893270	  1883831.420330
101.000000	 106.000000	  126.000000	 131.000000	 -0.012110	 10777.893270	  1883831.420330
101.000000	 106.000000	  131.000000	 136.000000	 -0.006931	 10777.893270	  1883831.420330
101.000000	 106.000000	  136.000000	 141.000000	 -0.004545	 10777.893270	  1883831.420330
101.000000	 106.000000	  141.000000	 146.000000	 -0.002809	 10777.893270	  1883831.420330
101.000000	 106.000000	  146.000000	 151.000000	 -0.002159	 10777.893270	  1883831.420330
101.000000	 106.000000	  151.000000	 156.000000	 -0.001299	 10777.893270	  1883831.420330
101.000000	 106.000000	  156.000000	 161.000000	 -0.001087	 10777.893270	  1883831.420330
106.000000	 111.000000	  116.000000	 121.000000	 -0.239724	 10789.502180	  1883831.203440
106.000000	 111.000000	  121.000000	 126.000000	 -0.060634	 10789.502180	  1883831.203440
106.000000	 111.000000	  126.000000	 131.000000	 -0.025351	 10789.502180	  1883831.203440
106.000000	 111.000000	  131.000000	 136.000000	 -0.011474	 10789.502180	  1883831.203440
106.000000	 111.000000	  136.000000	 141.000000	 -0.007589	 10789.502180	  1883831.203440
106.000000	 111.000000	  141.000000	 146.000000	 -0.003900	 10789.502180	  1883831.203440
106.000000	 111.000000	  146.000000	 151.000000	 -0.003250	 10789.502180	  1883831.203440
106.000000	 111.000000	  151.000000	 156.000000	 -0.002162	 10789.502180	  1883831.203440
106.000000	 111.000000	  156.000000	 161.000000	 -0.001512	 10789.502180	  1883831.203440
106.000000	 111.000000	  161.000000	 166.000000	 -0.001088	 10789.502180	  1883831.203440
111.000000	 116.000000	  121.000000	 126.000000	 -0.240802	 10805.426980	  1883829.072560
111.000000	 116.000000	  126.000000	 131.000000	 -0.060420	 10805.426980	  1883829.072560
111.000000	 116.000000	  131.000000	 136.000000	 -0.024473	 10805.426980	  1883829.072560
111.000000	 116.000000	  136.000000	 141.000000	 -0.012350	 10805.426980	  1883829.072560
111.000000	 116.000000	  141.000000	 146.000000	 -0.006938	 10805.426980	  1883829.072560
111.000000	 116.000000	  146.000000	 151.000000	 -0.004762	 10805.426980	  1883829.072560
111.000000	 116.000000	  151.000000	 156.000000	 -0.002600	 10805.426980	  1883829.072560
111.000000	 116.000000	  156.000000	 161.000000	 -0.001738	 10805.426980	  1883829.072560
111.000000	 116.000000	  161.000000	 166.000000	 -0.001738	 10805.426980	  1883829.072560
111.000000	 116.000000	  166.000000	 171.000000	 -0.001088	 10805.426980	  1883829.072560
116.000000	 121.000000	  126.000000	 131.000000	 -0.241040	 10818.174570	  1883835.663670
116.000000	 121.000000	  131.000000	 136.000000	 -0.060754	 10818.174570	  1883835.663670
116.000000	 121.000000	  136.000000	 141.000000	 -0.024658	 10818.174570	  1883835.663670
116.000000	 121.000000	  141.000000	 146.000000	 -0.011891	 10818.174570	  1883835.663670
116.000000	 121.000000	  146.000000	 151.000000	 -0.007349	 10818.174570	  1883835.663670
116.000000	 121.000000	  151.000000	 156.000000	 -0.003893	 10818.174570	  1883835.663670
116.000000	 121.000000	  156.000000	 161.000000	 -0.002807	 10818.174570	  1883835.663670
116.000000	 121.000000	  161.000000	 166.000000	 -0.002807	 10818.174570	  1883835.663670
116.000000	 121.000000	  166.000000	 171.000000	 -0.000860	 10818.174570	  1883835.663670
116.000000	 121.000000	  171.000000	 176.000000	 -0.001087	 10818.174570	  1883835.663670
121.000000	 126.000000	  131.000000	 136.000000	 -0.240477	 10828.639940	  1883837.915250
121.000000	 126.000000	  136.000000	 141.000000	 -0.060829	 10828.639940	  1883837.915250
121.000000	 126.000000	  141.000000	 146.000000	 -0.024462	 10828.639940	  1883837.915250
121.000000	 126.000000	  146.000000	 151.000000	 -0.012767	 10828.639940	  1883837.915250
121.000000	 126.000000	  151.000000	 156.000000	 -0.006708	 10828.639940	  1883837.915250
121.000000	 126.000000	  156.000000	 161.000000	 -0.004759	 10828.639940	  1883837.915250
121.000000	 126.000000	  161.000000	 166.000000	 -0.002810	 10828.639940	  1883837.915250
121.000000	 126.000000	  166.000000	 171.000000	 -0.001738	 10828.639940	  1883837.915250
121.000000	 126.000000	  171.000000	 176.000000	 -0.002161	 10828.639940	  1883837.915250
121.000000	 126.000000	  176.000000	 181.000000	 -0.000861	 10828.639940	  1883837.915250
126.000000	 131.000000	  136.000000	 141.000000	 -0.240445	 10840.482500	  1883836.277860
126.000000	 131.000000	  141.000000	 146.000000	 -0.060821	 10840.482500	  1883836.277860
126.000000	 131.000000	  146.000000	 151.000000	 -0.024458	 10840.482500	  1883836.277860
126.000000	 131.000000	  151.000000	 156.000000	 -0.012116	 10840.482500	  1883836.277860
126.000000	 131.000000	  156.000000	 161.000000	 -0.006934	 10840.482500	  1883836.277860
126.000000	 131.000000	  161.000000	 166.000000	 -0.004336	 10840.482500	  1883836.277860
126.000000	 131.000000	  166.000000	 171.000000	 -0.002598	 10840.482500	  1883836.277860
126.000000	 131.000000	  171.000000	 176.000000	 -0.002387	 10840.482500	  1883836.277860
126.000000	 131.000000	  176.000000	 181.000000	 -0.001299	 10840.482500	  1883836.277860
126.000000	 131.000000	  181.000000	 186.000000	 -0.001511	 10840.482500	  1883836.277860
131.000000	 136.000000	  141.000000	 146.000000	 -0.240535	 10853.341190	  1883838.121860
131.000000	 136.000000	  146.000000	 151.000000	 -0.060454	 10853.341190	  1883838.121860
131.000000	 136.000000	  151.000000	 156.000000	 -0.024402	 10853.341190	  1883838.121860
131.000000	 136.000000	  156.000000	 161.000000	 -0.012525	 10853.341190	  1883838.121860
131.000000	 136.000000	  161.000000	 166.000000	 -0.007129	 10853.341190	  1883838.121860
131.000000	 136.000000	  166.000000	 171.000000	 -0.003889	 10853.341190	  1883838.121860
131.000000	 136.000000	  171.000000	 176.000000	 -0.003240	 10853.341190	  1883838.121860
131.000000	 136.000000	  176.000000	 181.000000	 -0.001733	 10853.341190	  1883838.121860
131.000000	 136.000000	  181.000000	 186.000000	 -0.001507	 10853.341190	  1883838.121860
131.000000	 136.000000	  186.000000	 191.000000	 -0.001085	 10853.341190	  1883838.121860
136.000000	 141.000000	  146.000000	 151.000000	 -0.240685	 10871.031360	  1883844.312970
136.000000	 141.000000	  151.000000	 156.000000	 -0.060179	 10871.031360	  1883844.312970
136.000000	 141.000000	  156.000000	 161.000000	 -0.024688	 10871.031360	  1883844.312970
136.000000	 141.000000	  161.000000	 166.000000	 -0.012117	 10871.031360	  1883844.312970
136.000000	 141.000000	  166.000000	 171.000000	 -0.007147	 10871.031360	  1883844.312970
136.000000	 141.000000	  171.000000	 176.000000	 -0.004548	 10871.031360	  1883844.312970
136.000000	 141.000000	  176.000000	 181.000000	 -0.002161	 10871.031360	  1883844.312970
136.000000	 141.000000	  181.000000	 186.000000	 -0.002161	 10871.031360	  1883844.312970
136.000000	 141.000000	  186.000000	 191.000000	 -0.001511	 10871.031360	  1883844.312970
136.000000	 141.000000	  191.000000	 196.000000	 -0.001088	 10871.031360	  1883844.312970
141.000000	 146.000000	  151.000000	 156.000000	 -0.240897	 10883.461590	  1883847.403700
141.000000	 146.000000	  156.000000	 161.000000	 -0.060179	 10883.461590	  1883847.403700
141.000000	 146.000000	  161.000000	 166.000000	 -0.024688	 10883.461590	  1883847.403700
141.000000	 146.000000	  166.000000	 171.000000	 -0.012117	 10883.461590	  1883847.403700
141.000000	 146.000000	  171.000000	 176.000000	 -0.007147	 10883.461590	  1883847.403700
141.000000	 146.000000	  176.000000	 181.000000	 -0.004548	 10883.461590	  1883847.403700
141.000000	 146.000000	  181.000000	 186.000000	 -0.002599	 10883.461590	  1883847.403700
141.000000	 146.000000	  186.000000	 191.000000	 -0.002161	 10883.461590	  1883847.403700
141.000000	 146.000000	  191.000000	 196.000000	 -0.001511	 10883.461590	  1883847.403700
141.000000	 146.000000	  196.000000	 201.000000	 -0.000650	 10883.461590	  1883847.403700
146.000000	 151.000000	  156.000000	 161.000000	 -0.241172	 10899.914570	  1883850.717170
146.000000	 151.000000	  161.000000	 166.000000	 -0.061973	 10899.914570	  1883850.717170
146.000000	 151.000000	  166.000000	 171.000000	 -0.023979	 10899.914570	  1883850.717170
146.000000	 151.000000	  171.000000	 176.000000	 -0.012087	 10899.914570	  1883850.717170
146.000000	 151.000000	  176.000000	 181.000000	 -0.006692	 10899.914570	  1883850.717170
146.000000	 151.000000	  181.000000	 186.000000	 -0.004536	 10899.914570	  1883850.717170
146.000000	 151.000000	  186.000000	 191.000000	 -0.002592	 10899.914570	  1883850.717170
146.000000	 151.000000	  191.000000	 196.000000	 -0.002155	 10899.914570	  1883850.717170
146.000000	 151.000000	  196.000000	 201.000000	 -0.001296	 10899.914570	  1883850.717170
146.000000	 151.000000	  201.000000	 206.000000	 -0.001085	 10899.914570	  1883850.717170
151.000000	 156.000000	  161.000000	 166.000000	 -0.241103	 10912.499470	  1883850.375710
151.000000	 156.000000	  166.000000	 171.000000	 -0.060381	 10912.499470	  1883850.375710
151.000000	 156.000000	  171.000000	 176.000000	 -0.024809	 10912.499470	  1883850.375710
151.000000	 156.000000	  176.000000	 181.000000	 -0.012073	 10912.499470	  1883850.375710
151.000000	 156.000000	  181.000000	 186.000000	 -0.007557	 10912.499470	  1883850.375710
151.000000	 156.000000	  186.000000	 191.000000	 -0.003673	 10912.499470	  1883850.375710
151.000000	 156.000000	  191.000000	 196.000000	 -0.003447	 10912.499470	  1883850.375710
151.000000	 156.000000	  196.000000	 201.000000	 -0.001942	 10912.499470	  1883850.375710
151.000000	 156.000000	  201.000000	 206.000000	 -0.001295	 10912.499470	  1883850.375710
151.000000	 156.000000	  206.000000	 211.000000	 -0.001295	 10912.499470	  1883850.375710
156.000000	 161.000000	  166.000000	 171.000000	 -0.241230	 10925.590300	  1883849.596950
156.000000	 161.000000	  171.000000	 176.000000	 -0.060639	 10925.590300	  1883849.596950
156.000000	 161.000000	  176.000000	 181.000000	 -0.024385	 10925.590300	  1883849.596950
156.000000	 161.000000	  181.000000	 186.000000	 -0.011432	 10925.590300	  1883849.596950
156.000000	 161.000000	  186.000000	 191.000000	 -0.007561	 10925.590300	  1883849.596950
156.000000	 161.000000	  191.000000	 196.000000	 -0.004534	 10925.590300	  1883849.596950
156.000000	 161.000000	  196.000000	 201.000000	 -0.002802	 10925.590300	  1883849.596950
156.000000	 161.000000	  201.000000	 206.000000	 -0.002154	 10925.590300	  1883849.596950
156.000000	 161.000000	  206.000000	 211.000000	 -0.000648	 10925.590300	  1883849.596950
156.000000	 161.000000	  211.000000	 216.000000	 -0.001732	 10925.590300	  1883849.596950
161.000000	 166.000000	  171.000000	 176.000000	 -0.241532	 10936.873130	  1883848.000500
161.000000	 166.000000	  176.000000	 181.000000	 -0.060715	 10936.873130	  1883848.000500
161.000000	 166.000000	  181.000000	 186.000000	 -0.024853	 10936.873130	  1883848.000500
161.000000	 166.000000	  186.000000	 191.000000	 -0.012095	 10936.873130	  1883848.000500
161.000000	 166.000000	  191.000000	 196.000000	 -0.007133	 10936.873130	  1883848.000500
161.000000	 166.000000	  196.000000	 201.000000	 -0.004328	 10936.873130	  1883848.000500
161.000000	 166.000000	  201.000000	 206.000000	 -0.003031	 10936.873130	  1883848.000500
161.000000	 166.000000	  206.000000	 211.000000	 -0.001945	 10936.873130	  1883848.000500
161.000000	 166.000000	  211.000000	 216.000000	 -0.001086	 10936.873130	  1883848.000500
161.000000	 166.000000	  216.000000	 221.000000	 -0.000648	 10936.873130	  1883848.000500
166.000000	 171.000000	  176.000000	 181.000000	 -0.240586	 10951.745590	  1883844.639250
166.000000	 171.000000	  181.000000	 186.000000	 -0.061341	 10951.745590	  1883844.639250
166.000000	 171.000000	  186.000000	 191.000000	 -0.023759	 10951.745590	  1883844.639250
166.000000	 171.000000	  191.000000	 196.000000	 -0.012090	 10951.745590	  1883844.639250
166.000000	 171.000000	  196.000000	 201.000000	 -0.006920	 10951.745590	  1883844.639250
166.000000	 171.000000	  201.000000	 206.000000	 -0.004100	 10951.745590	  1883844.639250
166.000000	 171.000000	  206.000000	 211.000000	 -0.002804	 10951.745590	  1883844.639250
166.000000	 171.000000	  211.000000	 216.000000	 -0.002156	 10951.745590	  1883844.639250
166.000000	 171.000000	  216.000000	 221.000000	 -0.001296	 10951.745590	  1883844.639250
166.000000	 171.000000	  221.000000	 226.000000	 -0.001085	 10951.745590	  1883844.639250
171.000000	 176.000000	  181.000000	 186.000000	 -0.241619	 10963.309960	  1883842.524900
171.000000	 176.000000	  186.000000	 191.000000	 -0.061106	 10963.309960	  1883842.524900
171.000000	 176.000000	  191.000000	 196.000000	 -0.024192	 10963.309960	  1883842.524900
171.000000	 176.000000	  196.000000	 201.000000	 -0.011877	 10963.309960	  1883842.524900
171.000000	 176.000000	  201.000000	 206.000000	 -0.007341	 10963.309960	  1883842.524900
171.000000	 176.000000	  206.000000	 211.000000	 -0.003889	 10963.309960	  1883842.524900
171.000000	 176.000000	  211.000000	 216.000000	 -0.002804	 10963.309960	  1883842.524900
171.000000	 176.000000	  216.000000	 221.000000	 -0.002155	 10963.309960	  1883842.524900
171.000000	 176.000000	  221.000000	 226.000000	 -0.001296	 10963.309960	  1883842.524900
171.000000	 176.000000	  226.000000	 231.000000	 -0.000859	 10963.309960	  1883842.524900
176.000000	 181.000000	  186.000000	 191.000000	 -0.241802	 10975.688780	  1883840.986000
176.000000	 181.000000	  191.000000	 196.000000	 -0.060884	 10975.688780	  1883840.986000
176.000000	 181.000000	  196.000000	 201.000000	 -0.024188	 10975.688780	  1883840.986000
176.000000	 181.000000	  201.000000	 206.000000	 -0.012523	 10975.688780	  1883840.986000
176.000000	 181.000000	  206.000000	 211.000000	 -0.006917	 10975.688780	  1883840.986000
176.000000	 181.000000	  211.000000	 216.000000	 -0.004099	 10975.688780	  1883840.986000
176.000000	 181.000000	  216.000000	 221.000000	 -0.003029	 10975.688780	  1883840.986000
176.000000	 181.000000	  221.000000	 226.000000	 -0.001944	 10975.688780	  1883840.986000
176.000000	 181.000000	  226.000000	 231.000000	 -0.001296	 10975.688780	  1883840.986000
176.000000	 181.000000	  231.000000	 236.000000	 -0.001507	 10975.688780	  1883840.986000
181.000000	 186.000000	  191.000000	 196.000000	 -0.242265	 10987.247630	  1883835.474040
181.000000	 186.000000	  196.000000	 201.000000	 -0.060298	 10987.247630	  1883835.474040
181.000000	 186.000000	  201.000000	 206.000000	 -0.024650	 10987.247630	  1883835.474040
181.000000	 186.000000	  206.000000	 211.000000	 -0.011888	 10987.247630	  1883835.474040
181.000000	 186.000000	  211.000000	 216.000000	 -0.006924	 10987.247630	  1883835.474040
181.000000	 186.000000	  216.000000	 221.000000	 -0.004330	 10987.247630	  1883835.474040
181.000000	 186.000000	  221.000000	 226.000000	 -0.002806	 10987.247630	  1883835.474040
181.000000	 186.000000	  226.000000	 231.000000	 -0.001735	 10987.247630	  1883835.474040
181.000000	 186.000000	  231.000000	 236.000000	 -0.000860	 10987.247630	  1883835.474040
181.000000	 186.000000	  236.000000	 241.000000	 -0.001086	 10987.247630	  1883835.474040
186.000000	 191.000000	  196.000000	 201.000000	 -0.242625	 10993.235380	  1883828.699300
186.000000	 191.000000	  201.000000	 206.000000	 -0.060279	 10993.235380	  1883828.699300
186.000000	 191.000000	  206.000000	 211.000000	 -0.024416	 10993.235380	  1883828.699300
186.000000	 191.000000	  211.000000	 216.000000	 -0.012532	 10993.235380	  1883828.699300
186.000000	 191.000000	  216.000000	 221.000000	 -0.006696	 10993.235380	  1883828.699300
186.000000	 191.000000	  221.000000	 226.000000	 -0.004539	 10993.235380	  1883828.699300
186.000000	 191.000000	  226.000000	 231.000000	 -0.003031	 10993.235380	  1883828.699300
186.000000	 191.000000	  231.000000	 236.000000	 -0.001734	 10993.235380	  1883828.699300
186.000000	 191.000000	  236.000000	 241.000000	 -0.001734	 10993.235380	  1883828.699300
186.000000	 191.000000	  241.000000	 246.000000	 -0.001086	 10993.235380	  1883828.699300
191.000000	 196.000000	  201.000000	 206.000000	 -0.241860	 11009.164030	  1883827.437860
191.000000	 196.000000	  206.000000	 211.000000	 -0.060461	 11009.164030	  1883827.437860
191.000000	 196.000000	  211.000000	 216.000000	 -0.024842	 11009.164030	  1883827.437860
191.000000	 196.000000	  216.000000	 221.000000	 -0.012964	 11009.164030	  1883827.437860
191.000000	 196.000000	  221.000000	 226.000000	 -0.006693	 11009.164030	  1883827.437860
191.000000	 196.000000	  226.000000	 231.000000	 -0.004100	 11009.164030	  1883827.437860
191.000000	 196.000000	  231.000000	 236.000000	 -0.002804	 11009.164030	  1883827.437860
191.000000	 196.000000	  236.000000	 241.000000	 -0.001945	 11009.164030	  1883827.437860
191.000000	 196.000000	  241.000000	 246.000000	 -0.001733	 11009.164030	  1883827.437860
191.000000	 196.000000	  246.000000	 251.000000	 -0.001507	 11009.164030	  1883827.437860
196.000000	 201.000000	  206.000000	 211.000000	 -0.242728	 11026.531940	  1883826.396360
196.000000	 201.000000	  211.000000	 216.000000	 -0.060954	 11026.531940	  1883826.396360
196.000000	 201.000000	  216.000000	 221.000000	 -0.024004	 11026.531940	  1883826.396360
196.000000	 201.000000	  221.000000	 226.000000	 -0.012326	 11026.531940	  1883826.396360
196.000000	 201.000000	  226.000000	 231.000000	 -0.007136	 11026.531940	  1883826.396360
196.000000	 201.000000	  231.000000	 236.000000	 -0.003033	 11026.531940	  1883826.396360
196.000000	 201.000000	  236.000000	 241.000000	 -0.003893	 11026.531940	  1883826.396360
196.000000	 201.000000	  241.000000	 246.000000	 -0.001946	 11026.531940	  1883826.396360
196.000000	 201.000000	  246.000000	 251.000000	 -0.001509	 11026.531940	  1883826.396360
196.000000	 201.000000	  251.000000	 256.000000	 -0.001298	 11026.531940	  1883826.396360
201.000000	 206.000000	  211.000000	 216.000000	 -0.243434	 11037.648260	  1883819.001060
201.000000	 206.000000	  216.000000	 221.000000	 -0.061017	 11037.648260	  1883819.001060
201.000000	 206.000000	  221.000000	 226.000000	 -0.024593	 11037.648260	  1883819.001060
201.000000	 206.000000	  226.000000	 231.000000	 -0.012718	 11037.648260	  1883819.001060
201.000000	 206.000000	  231.000000	 236.000000	 -0.006261	 11037.648260	  1883819.001060
201.000000	 206.000000	  236.000000	 241.000000	 -0.004094	 11037.648260	  1883819.001060
201.000000	 206.000000	  241.000000	 246.000000	 -0.003236	 11037.648260	  1883819.001060
201.000000	 206.000000	  246.000000	 251.000000	 -0.001731	 11037.648260	  1883819.001060
201.000000	 206.000000	  251.000000	 256.000000	 -0.001294	 11037.648260	  1883819.001060
201.000000	 206.000000	  256.000000	 261.000000	 -0.000858	 11037.648260	  1883819.001060
206.000000	 211.000000	  216.000000	 221.000000	 -0.242053	 11052.239970	  1883815.051930
206.000000	 211.000000	  221.000000	 226.000000	 -0.061158	 11052.239970	  1883815.051930
206.000000	 211.000000	  226.000000	 231.000000	 -0.024213	 11052.239970	  1883815.051930
206.000000	 211.000000	  231.000000	 236.000000	 -0.012325	 11052.239970	  1883815.051930
206.000000	 211.000000	  236.000000	 241.000000	 -0.007347	 11052.239970	  1883815.051930
206.000000	 211.000000	  241.000000	 246.000000	 -0.003892	 11052.239970	  1883815.051930
206.000000	 211.000000	  246.000000	 251.000000	 -0.002806	 11052.239970	  1883815.051930
206.000000	 211.000000	  251.000000	 256.000000	 -0.001735	 11052.239970	  1883815.051930
206.000000	 211.000000	  256.000000	 261.000000	 -0.001509	 11052.239970	  1883815.051930
206.000000	 211.000000	  261.000000	 266.000000	 -0.001297	 11052.239970	  1883815.051930
211.000000	 216.000000	  221.000000	 226.000000	 -0.242923	 11062.385780	  1883811.268730
211.000000	 216.000000	  226.000000	 231.000000	 -0.060459	 11062.385780	  1883811.268730
211.000000	 216.000000	  231.000000	 236.000000	 -0.024841	 11062.385780	  1883811.268730
211.000000	 216.000000	  236.000000	 241.000000	 -0.012315	 11062.385780	  1883811.268730
211.000000	 216.000000	  241.000000	 246.000000	 -0.006482	 11062.385780	  1883811.268730
211.000000	 216.000000	  246.000000	 251.000000	 -0.004537	 11062.385780	  1883811.268730
211.000000	 216.000000	  251.000000	 256.000000	 -0.002382	 11062.385780	  1883811.268730
211.000000	 216.000000	  256.000000	 261.000000	 -0.001944	 11062.385780	  1883811.268730
211.000000	 216.000000	  261.000000	 266.000000	 -0.000859	 11062.385780	  1883811.268730
211.000000	 216.000000	  266.000000	 271.000000	 -0.001296	 11062.385780	  1883811.268730
216.000000	 221.000000	  226.000000	 231.000000	 -0.242813	 11070.736830	  1883803.057490
216.000000	 221.000000	  231.000000	 236.000000	 -0.061080	 11070.736830	  1883803.057490
216.000000	 221.000000	  236.000000	 241.000000	 -0.024393	 11070.736830	  1883803.057490
216.000000	 221.000000	  241.000000	 246.000000	 -0.011662	 11070.736830	  1883803.057490
216.000000	 221.000000	  246.000000	 251.000000	 -0.007985	 11070.736830	  1883803.057490
216.000000	 221.000000	  251.000000	 256.000000	 -0.003887	 11070.736830	  1883803.057490
216.000000	 221.000000	  256.000000	 261.000000	 -0.002802	 11070.736830	  1883803.057490
216.000000	 221.000000	  261.000000	 266.000000	 -0.001296	 11070.736830	  1883803.057490
216.000000	 221.000000	  266.000000	 271.000000	 -0.001296	 11070.736830	  1883803.057490
216.000000	 221.000000	  271.000000	 276.000000	 -0.000859	 11070.736830	  1883803.057490
221.000000	 226.000000	  231.000000	 236.000000	 -0.242468	 11091.211970	  1883803.317250
221.000000	 226.000000	  236.000000	 241.000000	 -0.061536	 11091.211970	  1883803.317250
221.000000	 226.000000	  241.000000	 246.000000	 -0.024190	 11091.211970	  1883803.317250
221.000000	 226.000000	  246.000000	 251.000000	 -0.012313	 11091.211970	  1883803.317250
221.000000	 226.000000	  251.000000	 256.000000	 -0.006692	 11091.211970	  1883803.317250
221.000000	 226.000000	  256.000000	 261.000000	 -0.004325	 11091.211970	  1883803.317250
221.000000	 226.000000	  261.000000	 266.000000	 -0.002803	 11091.211970	  1883803.317250
221.000000	 226.000000	  266.000000	 271.000000	 -0.001733	 11091.211970	  1883803.317250
221.000000	 226.000000	  271.000000	 276.000000	 -0.001296	 11091.211970	  1883803.317250
221.000000	 226.000000	  276.000000	 281.000000	 -0.001296	 11091.211970	  1883803.317250
226.000000	 231.000000	  236.000000	 241.000000	 -0.242787	 11103.200220	  1883805.995680
226.000000	 231.000000	  241.000000	 246.000000	 -0.061017	 11103.200220	  1883805.995680
226.000000	 231.000000	  246.000000	 251.000000	 -0.024593	 11103.200220	  1883805.995680
226.000000	 231.000000	  251.000000	 256.000000	 -0.011649	 11103.200220	  1883805.995680
226.000000	 231.000000	  256.000000	 261.000000	 -0.006908	 11103.200220	  1883805.995680
226.000000	 231.000000	  261.000000	 266.000000	 -0.004320	 11103.200220	  1883805.995680
226.000000	 231.000000	  266.000000	 271.000000	 -0.002799	 11103.200220	  1883805.995680
226.000000	 231.000000	  271.000000	 276.000000	 -0.001505	 11103.200220	  1883805.995680
226.000000	 231.000000	  276.000000	 281.000000	 -0.001505	 11103.200220	  1883805.995680
226.000000	 231.000000	  281.000000	 286.000000	 -0.001505	 11103.200220	  1883805.995680
231.000000	 236.000000	  241.000000	 246.000000	 -0.243538	 11112.689280	  1883808.362770
231.000000	 236.000000	  246.000000	 251.000000	 -0.060990	 11112.689280	  1883808.362770
231.000000	 236.000000	  251.000000	 256.000000	 -0.024583	 11112.689280	  1883808.362770
231.000000	 236.000000	  256.000000	 261.000000	 -0.012502	 11112.689280	  1883808.362770
231.000000	 236.000000	  261.000000	 266.000000	 -0.006469	 11112.689280	  1883808.362770
231.000000	 236.000000	  266.000000	 271.000000	 -0.004528	 11112.689280	  1883808.362770
231.000000	 236.000000	  271.000000	 276.000000	 -0.002798	 11112.689280	  1883808.362770
231.000000	 236.000000	  276.000000	 281.000000	 -0.002377	 11112.689280	  1883808.362770
231.000000	 236.000000	  281.000000	 286.000000	 -0.001294	 11112.689280	  1883808.362770
231.000000	 236.000000	  286.000000	 291.000000	 -0.001083	 11112.689280	  1883808.362770
236.000000	 241.000000	  246.000000	 251.000000	 -0.243828	 11119.086170	  1883810.432430
236.000000	 241.000000	  251.000000	 256.000000	 -0.060641	 11119.086170	  1883810.432430
236.000000	 241.000000	  256.000000	 261.000000	 -0.025034	 11119.086170	  1883810.432430
236.000000	 241.000000	  261.000000	 266.000000	 -0.012517	 11119.086170	  1883810.432430
236.000000	 241.000000	  266.000000	 271.000000	 -0.006914	 11119.086170	  1883810.432430
236.000000	 241.000000	  271.000000	 276.000000	 -0.004097	 11119.086170	  1883810.432430
236.000000	 241.000000	  276.000000	 281.000000	 -0.002591	 11119.086170	  1883810.432430
236.000000	 241.000000	  281.000000	 286.000000	 -0.001943	 11119.086170	  1883810.432430
236.000000	 241.000000	  286.000000	 291.000000	 -0.001506	 11119.086170	  1883810.432430
236.000000	 241.000000	  291.000000	 296.000000	 -0.000859	 11119.086170	  1883810.432430
241.000000	 246.000000	  251.000000	 256.000000	 -0.243888	 11130.895130	  1883810.525490
241.000000	 246.000000	  256.000000	 261.000000	 -0.061351	 11130.895130	  1883810.525490
241.000000	 246.000000	  261.000000	 266.000000	 -0.024763	 11130.895130	  1883810.525490
241.000000	 246.000000	  266.000000	 271.000000	 -0.011841	 11130.895130	  1883810.525490
241.000000	 246.000000	  271.000000	 276.000000	 -0.007107	 11130.895130	  1883810.525490
241.000000	 246.000000	  276.000000	 281.000000	 -0.004523	 11130.895130	  1883810.525490
241.000000	 246.000000	  281.000000	 286.000000	 -0.003020	 11130.895130	  1883810.525490
241.000000	 246.000000	  286.000000	 291.000000	 -0.002149	 11130.895130	  1883810.525490
241.000000	 246.000000	  291.000000	 296.000000	 -0.001503	 11130.895130	  1883810.525490
241.000000	 246.000000	  296.000000	 301.000000	 -0.000436	 11130.895130	  1883810.525490
246.000000	 251.000000	  256.000000	 261.000000	 -0.244324	 11141.592600	  1883811.292010
246.000000	 251.000000	  261.000000	 266.000000	 -0.061141	 11141.592600	  1883811.292010
246.000000	 251.000000	  266.000000	 271.000000	 -0.024553	 11141.592600	  1883811.292010
246.000000	 251.000000	  271.000000	 276.000000	 -0.011841	 11141.592600	  1883811.292010
246.000000	 251.000000	  276.000000	 281.000000	 -0.007107	 11141.592600	  1883811.292010
246.000000	 251.000000	  281.000000	 286.000000	 -0.004733	 11141.592600	  1883811.292010
246.000000	 251.000000	  286.000000	 291.000000	 -0.003020	 11141.592600	  1883811.292010
246.000000	 251.000000	  291.000000	 296.000000	 -0.002374	 11141.592600	  1883811.292010
246.000000	 251.000000	  296.000000	 301.000000	 -0.000646	 11141.592600	  1883811.292010
246.000000	 251.000000	  301.000000	 306.000000	 -0.001503	 11141.592600	  1883811.292010
251.000000	 256.000000	  261.000000	 266.000000	 -0.244640	 11150.020970	  1883806.377640
251.000000	 256.000000	  266.000000	 271.000000	 -0.061651	 11150.020970	  1883806.377640
251.000000	 256.000000	  271.000000	 276.000000	 -0.024064	 11150.020970	  1883806.377640
251.000000	 256.000000	  276.000000	 281.000000	 -0.012459	 11150.020970	  1883806.377640
251.000000	 256.000000	  281.000000	 286.000000	 -0.007302	 11150.020970	  1883806.377640
251.000000	 256.000000	  286.000000	 291.000000	 -0.004723	 11150.020970	  1883806.377640
251.000000	 256.000000	  291.000000	 296.000000	 -0.002789	 11150.020970	  1883806.377640
251.000000	 256.000000	  296.000000	 301.000000	 -0.001934	 11150.020970	  1883806.377640
251.000000	 256.000000	  301.000000	 306.000000	 -0.001724	 11150.020970	  1883806.377640
251.000000	 256.000000	  306.000000	 311.000000	 -0.000855	 11150.020970	  1883806.377640
256.000000	 261.000000	  266.000000	 271.000000	 -0.244315	 11159.213400	  1883802.166750
256.000000	 261.000000	  271.000000	 276.000000	 -0.061889	 11159.213400	  1883802.166750
256.000000	 261.000000	  276.000000	 281.000000	 -0.024720	 11159.213400	  1883802.166750
256.000000	 261.000000	  281.000000	 286.000000	 -0.011610	 11159.213400	  1883802.166750
256.000000	 261.000000	  286.000000	 291.000000	 -0.008175	 11159.213400	  1883802.166750
256.000000	 261.000000	  291.000000	 296.000000	 -0.004080	 11159.213400	  1883802.166750
256.000000	 261.000000	  296.000000	 301.000000	 -0.002370	 11159.213400	  1883802.166750
256.000000	 261.000000	  301.000000	 306.000000	 -0.002145	 11159.213400	  1883802.166750
256.000000	 261.000000	  306.000000	 311.000000	 -0.001080	 11159.213400	  1883802.166750
256.000000	 261.000000	  311.000000	 316.000000	 -0.001935	 11159.213400	  1883802.166750
261.000000	 266.000000	  271.000000	 276.000000	 -0.244069	 11171.823880	  1883802.536990
261.000000	 266.000000	  276.000000	 281.000000	 -0.061134	 11171.823880	  1883802.536990
261.000000	 266.000000	  281.000000	 286.000000	 -0.025196	 11171.823880	  1883802.536990
261.000000	 266.000000	  286.000000	 291.000000	 -0.012921	 11171.823880	  1883802.536990
261.000000	 266.000000	  291.000000	 296.000000	 -0.007106	 11171.823880	  1883802.536990
261.000000	 266.000000	  296.000000	 301.000000	 -0.004733	 11171.823880	  1883802.536990
261.000000	 266.000000	  301.000000	 306.000000	 -0.001938	 11171.823880	  1883802.536990
261.000000	 266.000000	  306.000000	 311.000000	 -0.003441	 11171.823880	  1883802.536990
261.000000	 266.000000	  311.000000	 316.000000	 0.000000	 11171.823880	  1883802.536990
261.000000	 266.000000	  316.000000	 321.000000	 -0.001292	 11171.823880	  1883802.536990
266.000000	 271.000000	  276.000000	 281.000000	 -0.244710	 11184.632230	  1883802.236700
266.000000	 271.000000	  281.000000	 286.000000	 -0.061669	 11184.632230	  1883802.236700
266.000000	 271.000000	  286.000000	 291.000000	 -0.025795	 11184.632230	  1883802.236700
266.000000	 271.000000	  291.000000	 296.000000	 -0.012463	 11184.632230	  1883802.236700
266.000000	 271.000000	  296.000000	 301.000000	 -0.008383	 11184.632230	  1883802.236700
266.000000	 271.000000	  301.000000	 306.000000	 -0.003434	 11184.632230	  1883802.236700
266.000000	 271.000000	  306.000000	 311.000000	 -0.001080	 11184.632230	  1883802.236700
266.000000	 271.000000	  311.000000	 316.000000	 -0.004514	 11184.632230	  1883802.236700
266.000000	 271.000000	  316.000000	 321.000000	 -0.000855	 11184.632230	  1883802.236700
266.000000	 271.000000	  321.000000	 326.000000	 0.001290	 11184.632230	  1883802.236700
271.000000	 276.000000	  281.000000	 286.000000	 -0.247689	 11195.026010	  1883801.438120
271.000000	 276.000000	  286.000000	 291.000000	 -0.062027	 11195.026010	  1883801.438120
271.000000	 276.000000	  291.000000	 296.000000	 -0.027058	 11195.026010	  1883801.438120
271.000000	 276.000000	  296.000000	 301.000000	 -0.012885	 11195.026010	  1883801.438120
271.000000	 276.000000	  301.000000	 306.000000	 -0.003865	 11195.026010	  1883801.438120
271.000000	 276.000000	  306.000000	 311.000000	 -0.005798	 11195.026010	  1883801.438120
271.000000	 276.000000	  311.000000	 316.000000	 -0.000854	 11195.026010	  1883801.438120
271.000000	 276.000000	  316.000000	 321.000000	 -0.001498	 11195.026010	  1883801.438120
271.000000	 276.000000	  321.000000	 326.000000	 -0.000434	 11195.026010	  1883801.438120
271.000000	 276.000000	  326.000000	 331.000000	 -0.001498	 11195.026010	  1883801.438120
