1.000000	 6.000000	  11.000000	 16.000000	 -0.229823	 10551.386060	  1883212.849640
1.000000	 6.000000	  16.000000	 21.000000	 -0.046870	 10551.386060	  1883212.849640
1.000000	 6.000000	  21.000000	 26.000000	 -0.019130	 10551.386060	  1883212.849640
1.000000	 6.000000	  26.000000	 31.000000	 -0.012012	 10551.386060	  1883212.849640
1.000000	 6.000000	  31.000000	 36.000000	 -0.008636	 10551.386060	  1883212.849640
1.000000	 6.000000	  36.000000	 41.000000	 -0.005260	 10551.386060	  1883212.849640
1.000000	 6.000000	  41.000000	 46.000000	 -0.002617	 10551.386060	  1883212.849640
1.000000	 6.000000	  46.000000	 51.000000	 -0.002617	 10551.386060	  1883212.849640
1.000000	 6.000000	  51.000000	 56.000000	 -0.001492	 10551.386060	  1883212.849640
1.000000	 6.000000	  56.000000	 61.000000	 -0.000759	 10551.386060	  1883212.849640
6.000000	 11.000000	  16.000000	 21.000000	 -0.251738	 10564.323780	  1883172.530400
6.000000	 11.000000	  21.000000	 26.000000	 -0.078124	 10564.323780	  1883172.530400
6.000000	 11.000000	  26.000000	 31.000000	 -0.035560	 10564.323780	  1883172.530400
6.000000	 11.000000	  31.000000	 36.000000	 -0.019615	 10564.323780	  1883172.530400
6.000000	 11.000000	  36.000000	 41.000000	 -0.010363	 10564.323780	  1883172.530400
6.000000	 11.000000	  41.000000	 46.000000	 -0.008528	 10564.323780	  1883172.530400
6.000000	 11.000000	  46.000000	 51.000000	 -0.004445	 10564.323780	  1883172.530400
6.000000	 11.000000	  51.000000	 56.000000	 -0.003696	 10564.323780	  1883172.530400
6.000000	 11.000000	  56.000000	 61.000000	 -0.002223	 10564.323780	  1883172.530400
6.000000	 11.000000	  61.000000	 66.000000	 -0.002223	 10564.323780	  1883172.530400
11.000000	 16.000000	  21.000000	 26.000000	 -0.247340	 10583.375520	  1883187.953950
11.000000	 16.000000	  26.000000	 31.000000	 -0.070462	 10583.375520	  1883187.953950
11.000000	 16.000000	  31.000000	 36.000000	 -0.033005	 10583.375520	  1883187.953950
11.000000	 16.000000	  36.000000	 41.000000	 -0.018534	 10583.375520	  1883187.953950
11.000000	 16.000000	  41.000000	 46.000000	 -0.012606	 10583.375520	  1883187.953950
11.000000	 16.000000	  46.000000	 51.000000	 -0.007792	 10583.375520	  1883187.953950
11.000000	 16.000000	  51.000000	 56.000000	 -0.005565	 10583.375520	  1883187.953950
11.000000	 16.000000	  56.000000	 61.000000	 -0.004090	 10583.375520	  1883187.953950
11.000000	 16.000000	  61.000000	 66.000000	 -0.002226	 10583.375520	  1883187.953950
11.000000	 16.000000	  66.000000	 71.000000	 -0.002977	 10583.375520	  1883187.953950
16.000000	 21.000000	  26.000000	 31.000000	 -0.233626	 10601.450920	  1883207.284840
16.000000	 21.000000	  31.000000	 36.000000	 -0.056563	 10601.450920	  1883207.284840
16.000000	 21.000000	  36.000000	 41.000000	 -0.021945	 10601.450920	  1883207.284840
16.000000	 21.000000	  41.000000	 46.000000	 -0.011167	 10601.450920	  1883207.284840
16.000000	 21.000000	  46.000000	 51.000000	 -0.007817	 10601.450920	  1883207.284840
16.000000	 21.000000	  51.000000	 56.000000	 -0.004830	 10601.450920	  1883207.284840
16.000000	 21.000000	  56.000000	 61.000000	 -0.003350	 10601.450920	  1883207.284840
16.000000	 21.000000	  61.000000	 66.000000	 -0.004103	 10601.450920	  1883207.284840
16.000000	 21.000000	  66.000000	 71.000000	 -0.000753	 10601.450920	  1883207.284840
16.000000	 21.000000	  71.000000	 76.000000	 -0.004103	 10601.450920	  1883207.284840
21.000000	 26.000000	  31.000000	 36.000000	 -0.233833	 10619.117460	  1883241.053140
21.000000	 26.000000	  36.000000	 41.000000	 -0.053814	 10619.117460	  1883241.053140
21.000000	 26.000000	  41.000000	 46.000000	 -0.020417	 10619.117460	  1883241.053140
21.000000	 26.000000	  46.000000	 51.000000	 -0.010390	 10619.117460	  1883241.053140
21.000000	 26.000000	  51.000000	 56.000000	 -0.005208	 10619.117460	  1883241.053140
21.000000	 26.000000	  56.000000	 61.000000	 -0.005208	 10619.117460	  1883241.053140
21.000000	 26.000000	  61.000000	 66.000000	 -0.003705	 10619.117460	  1883241.053140
21.000000	 26.000000	  66.000000	 71.000000	 -0.003342	 10619.117460	  1883241.053140
21.000000	 26.000000	  71.000000	 76.000000	 -0.001477	 10619.117460	  1883241.053140
21.000000	 26.000000	  76.000000	 81.000000	 -0.002591	 10619.117460	  1883241.053140
26.000000	 31.000000	  36.000000	 41.000000	 -0.235350	 10630.789970	  1883243.911460
26.000000	 31.000000	  41.000000	 46.000000	 -0.056710	 10630.789970	  1883243.911460
26.000000	 31.000000	  46.000000	 51.000000	 -0.018912	 10630.789970	  1883243.911460
26.000000	 31.000000	  51.000000	 56.000000	 -0.012961	 10630.789970	  1883243.911460
26.000000	 31.000000	  56.000000	 61.000000	 -0.005925	 10630.789970	  1883243.911460
26.000000	 31.000000	  61.000000	 66.000000	 -0.004812	 10630.789970	  1883243.911460
26.000000	 31.000000	  66.000000	 71.000000	 -0.002975	 10630.789970	  1883243.911460
26.000000	 31.000000	  71.000000	 76.000000	 -0.002225	 10630.789970	  1883243.911460
26.000000	 31.000000	  76.000000	 81.000000	 -0.001863	 10630.789970	  1883243.911460
26.000000	 31.000000	  81.000000	 86.000000	 -0.001863	 10630.789970	  1883243.911460
31.000000	 36.000000	  41.000000	 46.000000	 -0.232921	 10651.537660	  1883248.172270
31.000000	 36.000000	  46.000000	 51.000000	 -0.057022	 10651.537660	  1883248.172270
31.000000	 36.000000	  51.000000	 56.000000	 -0.020756	 10651.537660	  1883248.172270
31.000000	 36.000000	  56.000000	 61.000000	 -0.014062	 10651.537660	  1883248.172270
31.000000	 36.000000	  61.000000	 66.000000	 -0.005557	 10651.537660	  1883248.172270
31.000000	 36.000000	  66.000000	 71.000000	 -0.004446	 10651.537660	  1883248.172270
31.000000	 36.000000	  71.000000	 76.000000	 -0.004084	 10651.537660	  1883248.172270
31.000000	 36.000000	  76.000000	 81.000000	 -0.002223	 10651.537660	  1883248.172270
31.000000	 36.000000	  81.000000	 86.000000	 -0.000362	 10651.537660	  1883248.172270
31.000000	 36.000000	  86.000000	 91.000000	 -0.002585	 10651.537660	  1883248.172270
36.000000	 41.000000	  46.000000	 51.000000	 -0.234157	 10660.339610	  1883268.275680
36.000000	 41.000000	  51.000000	 56.000000	 -0.055315	 10660.339610	  1883268.275680
36.000000	 41.000000	  56.000000	 61.000000	 -0.022857	 10660.339610	  1883268.275680
36.000000	 41.000000	  61.000000	 66.000000	 -0.006281	 10660.339610	  1883268.275680
36.000000	 41.000000	  66.000000	 71.000000	 -0.011068	 10660.339610	  1883268.275680
36.000000	 41.000000	  71.000000	 76.000000	 -0.007001	 10660.339610	  1883268.275680
36.000000	 41.000000	  76.000000	 81.000000	 -0.001107	 10660.339610	  1883268.275680
36.000000	 41.000000	  81.000000	 86.000000	 -0.004427	 10660.339610	  1883268.275680
36.000000	 41.000000	  86.000000	 91.000000	 -0.001467	 10660.339610	  1883268.275680
36.000000	 41.000000	  91.000000	 96.000000	 -0.002574	 10660.339610	  1883268.275680
41.000000	 46.000000	  51.000000	 56.000000	 -0.233916	 10663.778960	  1883282.210570
41.000000	 46.000000	  56.000000	 61.000000	 -0.055618	 10663.778960	  1883282.210570
41.000000	 46.000000	  61.000000	 66.000000	 -0.023579	 10663.778960	  1883282.210570
41.000000	 46.000000	  66.000000	 71.000000	 -0.010697	 10663.778960	  1883282.210570
41.000000	 46.000000	  71.000000	 76.000000	 -0.009205	 10663.778960	  1883282.210570
41.000000	 46.000000	  76.000000	 81.000000	 -0.005888	 10663.778960	  1883282.210570
41.000000	 46.000000	  81.000000	 86.000000	 -0.003677	 10663.778960	  1883282.210570
41.000000	 46.000000	  86.000000	 91.000000	 -0.001851	 10663.778960	  1883282.210570
41.000000	 46.000000	  91.000000	 96.000000	 -0.000746	 10663.778960	  1883282.210570
41.000000	 46.000000	  96.000000	 101.000000	 -0.002211	 10663.778960	  1883282.210570
46.000000	 51.000000	  56.000000	 61.000000	 -0.234241	 10667.639310	  1883297.181990
46.000000	 51.000000	  61.000000	 66.000000	 -0.059502	 10667.639310	  1883297.181990
46.000000	 51.000000	  66.000000	 71.000000	 -0.022903	 10667.639310	  1883297.181990
46.000000	 51.000000	  71.000000	 76.000000	 -0.012561	 10667.639310	  1883297.181990
46.000000	 51.000000	  76.000000	 81.000000	 -0.007015	 10667.639310	  1883297.181990
46.000000	 51.000000	  81.000000	 86.000000	 -0.005184	 10667.639310	  1883297.181990
46.000000	 51.000000	  86.000000	 91.000000	 -0.002218	 10667.639310	  1883297.181990
46.000000	 51.000000	  91.000000	 96.000000	 -0.004797	 10667.639310	  1883297.181990
46.000000	 51.000000	  96.000000	 101.000000	 -0.001109	 10667.639310	  1883297.181990
46.000000	 51.000000	  101.000000	 106.000000	 -0.002579	 10667.639310	  1883297.181990
51.000000	 56.000000	  61.000000	 66.000000	 -0.234652	 10669.199600	  1883312.474930
51.000000	 56.000000	  66.000000	 71.000000	 -0.056548	 10669.199600	  1883312.474930
51.000000	 56.000000	  71.000000	 76.000000	 -0.022404	 10669.199600	  1883312.474930
51.000000	 56.000000	  76.000000	 81.000000	 -0.011381	 10669.199600	  1883312.474930
51.000000	 56.000000	  81.000000	 86.000000	 -0.007716	 10669.199600	  1883312.474930
51.000000	 56.000000	  86.000000	 91.000000	 -0.004409	 10669.199600	  1883312.474930
51.000000	 56.000000	  91.000000	 96.000000	 -0.003666	 10669.199600	  1883312.474930
51.000000	 56.000000	  96.000000	 101.000000	 -0.001846	 10669.199600	  1883312.474930
51.000000	 56.000000	  101.000000	 106.000000	 -0.002948	 10669.199600	  1883312.474930
51.000000	 56.000000	  106.000000	 111.000000	 0.000359	 10669.199600	  1883312.474930
56.000000	 61.000000	  66.000000	 71.000000	 -0.236838	 10668.429520	  1883330.861970
56.000000	 61.000000	  71.000000	 76.000000	 -0.057646	 10668.429520	  1883330.861970
56.000000	 61.000000	  76.000000	 81.000000	 -0.022402	 10668.429520	  1883330.861970
56.000000	 61.000000	  81.000000	 86.000000	 -0.010663	 10668.429520	  1883330.861970
56.000000	 61.000000	  86.000000	 91.000000	 -0.007715	 10668.429520	  1883330.861970
56.000000	 61.000000	  91.000000	 96.000000	 -0.003307	 10668.429520	  1883330.861970
56.000000	 61.000000	  96.000000	 101.000000	 -0.002563	 10668.429520	  1883330.861970
56.000000	 61.000000	  101.000000	 106.000000	 -0.002204	 10668.429520	  1883330.861970
56.000000	 61.000000	  106.000000	 111.000000	 -0.001102	 10668.429520	  1883330.861970
56.000000	 61.000000	  111.000000	 116.000000	 -0.002563	 10668.429520	  1883330.861970
61.000000	 66.000000	  71.000000	 76.000000	 -0.236208	 10668.816950	  1883347.374240
61.000000	 66.000000	  76.000000	 81.000000	 -0.056657	 10668.816950	  1883347.374240
61.000000	 66.000000	  81.000000	 86.000000	 -0.021343	 10668.816950	  1883347.374240
61.000000	 66.000000	  86.000000	 91.000000	 -0.010299	 10668.816950	  1883347.374240
61.000000	 66.000000	  91.000000	 96.000000	 -0.005162	 10668.816950	  1883347.374240
61.000000	 66.000000	  96.000000	 101.000000	 -0.003673	 10668.816950	  1883347.374240
61.000000	 66.000000	  101.000000	 106.000000	 -0.001464	 10668.816950	  1883347.374240
61.000000	 66.000000	  106.000000	 111.000000	 -0.002568	 10668.816950	  1883347.374240
61.000000	 66.000000	  111.000000	 116.000000	 -0.001104	 10668.816950	  1883347.374240
61.000000	 66.000000	  116.000000	 121.000000	 -0.001464	 10668.816950	  1883347.374240
66.000000	 71.000000	  76.000000	 81.000000	 -0.236758	 10668.944190	  1883365.802380
66.000000	 71.000000	  81.000000	 86.000000	 -0.057355	 10668.944190	  1883365.802380
66.000000	 71.000000	  86.000000	 91.000000	 -0.021325	 10668.944190	  1883365.802380
66.000000	 71.000000	  91.000000	 96.000000	 -0.010290	 10668.944190	  1883365.802380
66.000000	 71.000000	  96.000000	 101.000000	 -0.006621	 10668.944190	  1883365.802380
66.000000	 71.000000	  101.000000	 106.000000	 -0.004055	 10668.944190	  1883365.802380
66.000000	 71.000000	  106.000000	 111.000000	 -0.003310	 10668.944190	  1883365.802380
66.000000	 71.000000	  111.000000	 116.000000	 -0.001848	 10668.944190	  1883365.802380
66.000000	 71.000000	  116.000000	 121.000000	 -0.000359	 10668.944190	  1883365.802380
66.000000	 71.000000	  121.000000	 126.000000	 -0.002566	 10668.944190	  1883365.802380
71.000000	 76.000000	  81.000000	 86.000000	 -0.238969	 10660.656360	  1883381.915000
71.000000	 76.000000	  86.000000	 91.000000	 -0.055425	 10660.656360	  1883381.915000
71.000000	 76.000000	  91.000000	 96.000000	 -0.021293	 10660.656360	  1883381.915000
71.000000	 76.000000	  96.000000	 101.000000	 -0.011018	 10660.656360	  1883381.915000
71.000000	 76.000000	  101.000000	 106.000000	 -0.006611	 10660.656360	  1883381.915000
71.000000	 76.000000	  106.000000	 111.000000	 -0.005150	 10660.656360	  1883381.915000
71.000000	 76.000000	  111.000000	 116.000000	 -0.003664	 10660.656360	  1883381.915000
71.000000	 76.000000	  116.000000	 121.000000	 -0.001461	 10660.656360	  1883381.915000
71.000000	 76.000000	  121.000000	 126.000000	 -0.000743	 10660.656360	  1883381.915000
71.000000	 76.000000	  126.000000	 131.000000	 -0.003305	 10660.656360	  1883381.915000
76.000000	 81.000000	  86.000000	 91.000000	 -0.237703	 10653.996780	  1883398.496770
76.000000	 81.000000	  91.000000	 96.000000	 -0.058778	 10653.996780	  1883398.496770
76.000000	 81.000000	  96.000000	 101.000000	 -0.024260	 10653.996780	  1883398.496770
76.000000	 81.000000	  101.000000	 106.000000	 -0.013233	 10653.996780	  1883398.496770
76.000000	 81.000000	  106.000000	 111.000000	 -0.005873	 10653.996780	  1883398.496770
76.000000	 81.000000	  111.000000	 116.000000	 -0.004770	 10653.996780	  1883398.496770
76.000000	 81.000000	  116.000000	 121.000000	 -0.005155	 10653.996780	  1883398.496770
76.000000	 81.000000	  121.000000	 126.000000	 0.000359	 10653.996780	  1883398.496770
76.000000	 81.000000	  126.000000	 131.000000	 -0.005514	 10653.996780	  1883398.496770
76.000000	 81.000000	  131.000000	 136.000000	 -0.001462	 10653.996780	  1883398.496770
81.000000	 86.000000	  91.000000	 96.000000	 -0.236674	 10647.279930	  1883415.671790
81.000000	 86.000000	  96.000000	 101.000000	 -0.058349	 10647.279930	  1883415.671790
81.000000	 86.000000	  101.000000	 106.000000	 -0.022745	 10647.279930	  1883415.671790
81.000000	 86.000000	  106.000000	 111.000000	 -0.010271	 10647.279930	  1883415.671790
81.000000	 86.000000	  111.000000	 116.000000	 -0.009170	 10647.279930	  1883415.671790
81.000000	 86.000000	  116.000000	 121.000000	 -0.004764	 10647.279930	  1883415.671790
81.000000	 86.000000	  121.000000	 126.000000	 -0.002946	 10647.279930	  1883415.671790
81.000000	 86.000000	  126.000000	 131.000000	 -0.002946	 10647.279930	  1883415.671790
81.000000	 86.000000	  131.000000	 136.000000	 -0.001460	 10647.279930	  1883415.671790
81.000000	 86.000000	  136.000000	 141.000000	 -0.002203	 10647.279930	  1883415.671790
86.000000	 91.000000	  96.000000	 101.000000	 -0.235654	 10637.957110	  1883434.054800
86.000000	 91.000000	  101.000000	 106.000000	 -0.059380	 10637.957110	  1883434.054800
86.000000	 91.000000	  106.000000	 111.000000	 -0.022002	 10637.957110	  1883434.054800
86.000000	 91.000000	  111.000000	 116.000000	 -0.009159	 10637.957110	  1883434.054800
86.000000	 91.000000	  116.000000	 121.000000	 -0.009543	 10637.957110	  1883434.054800
86.000000	 91.000000	  121.000000	 126.000000	 -0.004042	 10637.957110	  1883434.054800
86.000000	 91.000000	  126.000000	 131.000000	 -0.004759	 10637.957110	  1883434.054800
86.000000	 91.000000	  131.000000	 136.000000	 -0.001458	 10637.957110	  1883434.054800
86.000000	 91.000000	  136.000000	 141.000000	 0.000358	 10637.957110	  1883434.054800
86.000000	 91.000000	  141.000000	 146.000000	 -0.002558	 10637.957110	  1883434.054800
91.000000	 96.000000	  101.000000	 106.000000	 -0.236406	 10618.540400	  1883448.929720
91.000000	 96.000000	  106.000000	 111.000000	 -0.056168	 10618.540400	  1883448.929720
91.000000	 96.000000	  111.000000	 116.000000	 -0.022037	 10618.540400	  1883448.929720
91.000000	 96.000000	  116.000000	 121.000000	 -0.011761	 10618.540400	  1883448.929720
91.000000	 96.000000	  121.000000	 126.000000	 -0.006252	 10618.540400	  1883448.929720
91.000000	 96.000000	  126.000000	 131.000000	 -0.005868	 10618.540400	  1883448.929720
91.000000	 96.000000	  131.000000	 136.000000	 -0.002562	 10618.540400	  1883448.929720
91.000000	 96.000000	  136.000000	 141.000000	 -0.000743	 10618.540400	  1883448.929720
91.000000	 96.000000	  141.000000	 146.000000	 -0.002562	 10618.540400	  1883448.929720
91.000000	 96.000000	  146.000000	 151.000000	 -0.004049	 10618.540400	  1883448.929720
96.000000	 101.000000	  106.000000	 111.000000	 -0.237477	 10599.247300	  1883452.190250
96.000000	 101.000000	  111.000000	 116.000000	 -0.057447	 10599.247300	  1883452.190250
96.000000	 101.000000	  116.000000	 121.000000	 -0.022325	 10599.247300	  1883452.190250
96.000000	 101.000000	  121.000000	 126.000000	 -0.010243	 10599.247300	  1883452.190250
96.000000	 101.000000	  126.000000	 131.000000	 -0.006948	 10599.247300	  1883452.190250
96.000000	 101.000000	  131.000000	 136.000000	 -0.005492	 10599.247300	  1883452.190250
96.000000	 101.000000	  136.000000	 141.000000	 -0.002197	 10599.247300	  1883452.190250
96.000000	 101.000000	  141.000000	 146.000000	 -0.002197	 10599.247300	  1883452.190250
96.000000	 101.000000	  146.000000	 151.000000	 -0.002197	 10599.247300	  1883452.190250
96.000000	 101.000000	  151.000000	 156.000000	 0.000741	 10599.247300	  1883452.190250
101.000000	 106.000000	  111.000000	 116.000000	 -0.238249	 10586.718870	  1883462.944260
101.000000	 106.000000	  116.000000	 121.000000	 -0.058936	 10586.718870	  1883462.944260
101.000000	 106.000000	  121.000000	 126.000000	 -0.021970	 10586.718870	  1883462.944260
101.000000	 106.000000	  126.000000	 131.000000	 -0.012441	 10586.718870	  1883462.944260
101.000000	 106.000000	  131.000000	 136.000000	 -0.005135	 10586.718870	  1883462.944260
101.000000	 106.000000	  136.000000	 141.000000	 -0.004036	 10586.718870	  1883462.944260
101.000000	 106.000000	  141.000000	 146.000000	 -0.003296	 10586.718870	  1883462.944260
101.000000	 106.000000	  146.000000	 151.000000	 -0.000741	 10586.718870	  1883462.944260
101.000000	 106.000000	  151.000000	 156.000000	 0.000358	 10586.718870	  1883462.944260
101.000000	 106.000000	  156.000000	 161.000000	 -0.005135	 10586.718870	  1883462.944260
106.000000	 111.000000	  116.000000	 121.000000	 -0.238914	 10572.190660	  1883475.250890
106.000000	 111.000000	  121.000000	 126.000000	 -0.058717	 10572.190660	  1883475.250890
106.000000	 111.000000	  126.000000	 131.000000	 -0.019828	 10572.190660	  1883475.250890
106.000000	 111.000000	  131.000000	 136.000000	 -0.012117	 10572.190660	  1883475.250890
106.000000	 111.000000	  136.000000	 141.000000	 -0.006968	 10572.190660	  1883475.250890
106.000000	 111.000000	  141.000000	 146.000000	 -0.007711	 10572.190660	  1883475.250890
106.000000	 111.000000	  146.000000	 151.000000	 0.001102	 10572.190660	  1883475.250890
106.000000	 111.000000	  151.000000	 156.000000	 -0.001102	 10572.190660	  1883475.250890
106.000000	 111.000000	  156.000000	 161.000000	 -0.001102	 10572.190660	  1883475.250890
106.000000	 111.000000	  161.000000	 166.000000	 -0.001460	 10572.190660	  1883475.250890
111.000000	 116.000000	  121.000000	 126.000000	 -0.239030	 10572.526100	  1883494.744370
111.000000	 116.000000	  126.000000	 131.000000	 -0.057284	 10572.526100	  1883494.744370
111.000000	 116.000000	  131.000000	 136.000000	 -0.024605	 10572.526100	  1883494.744370
111.000000	 116.000000	  136.000000	 141.000000	 -0.007356	 10572.526100	  1883494.744370
111.000000	 116.000000	  141.000000	 146.000000	 -0.005152	 10572.526100	  1883494.744370
111.000000	 116.000000	  146.000000	 151.000000	 -0.003665	 10572.526100	  1883494.744370
111.000000	 116.000000	  151.000000	 156.000000	 -0.006613	 10572.526100	  1883494.744370
111.000000	 116.000000	  156.000000	 161.000000	 0.000359	 10572.526100	  1883494.744370
111.000000	 116.000000	  161.000000	 166.000000	 0.001845	 10572.526100	  1883494.744370
111.000000	 116.000000	  166.000000	 171.000000	 -0.007330	 10572.526100	  1883494.744370
116.000000	 121.000000	  126.000000	 131.000000	 -0.234241	 10583.982690	  1883509.643210
116.000000	 121.000000	  131.000000	 136.000000	 -0.057910	 10583.982690	  1883509.643210
116.000000	 121.000000	  136.000000	 141.000000	 -0.020290	 10583.982690	  1883509.643210
116.000000	 121.000000	  141.000000	 146.000000	 -0.012540	 10583.982690	  1883509.643210
116.000000	 121.000000	  146.000000	 151.000000	 -0.004429	 10583.982690	  1883509.643210
116.000000	 121.000000	  151.000000	 156.000000	 -0.009218	 10583.982690	  1883509.643210
116.000000	 121.000000	  156.000000	 161.000000	 -0.003682	 10583.982690	  1883509.643210
116.000000	 121.000000	  161.000000	 166.000000	 -0.003682	 10583.982690	  1883509.643210
116.000000	 121.000000	  166.000000	 171.000000	 -0.002961	 10583.982690	  1883509.643210
116.000000	 121.000000	  171.000000	 176.000000	 0.000360	 10583.982690	  1883509.643210
121.000000	 126.000000	  131.000000	 136.000000	 -0.234045	 10595.901800	  1883524.531200
121.000000	 126.000000	  136.000000	 141.000000	 -0.057796	 10595.901800	  1883524.531200
121.000000	 126.000000	  141.000000	 146.000000	 -0.029639	 10595.901800	  1883524.531200
121.000000	 126.000000	  146.000000	 151.000000	 -0.007327	 10595.901800	  1883524.531200
121.000000	 126.000000	  151.000000	 156.000000	 -0.013173	 10595.901800	  1883524.531200
121.000000	 126.000000	  156.000000	 161.000000	 -0.006944	 10595.901800	  1883524.531200
121.000000	 126.000000	  161.000000	 166.000000	 -0.005489	 10595.901800	  1883524.531200
121.000000	 126.000000	  166.000000	 171.000000	 -0.001838	 10595.901800	  1883524.531200
121.000000	 126.000000	  171.000000	 176.000000	 -0.001098	 10595.901800	  1883524.531200
121.000000	 126.000000	  176.000000	 181.000000	 -0.001838	 10595.901800	  1883524.531200
126.000000	 131.000000	  136.000000	 141.000000	 -0.239279	 10604.688180	  1883527.284550
126.000000	 131.000000	  141.000000	 146.000000	 -0.073039	 10604.688180	  1883527.284550
126.000000	 131.000000	  146.000000	 151.000000	 -0.034150	 10604.688180	  1883527.284550
126.000000	 131.000000	  151.000000	 156.000000	 -0.019445	 10604.688180	  1883527.284550
126.000000	 131.000000	  156.000000	 161.000000	 -0.011375	 10604.688180	  1883527.284550
126.000000	 131.000000	  161.000000	 166.000000	 -0.006610	 10604.688180	  1883527.284550
126.000000	 131.000000	  166.000000	 171.000000	 -0.004765	 10604.688180	  1883527.284550
126.000000	 131.000000	  171.000000	 176.000000	 -0.002562	 10604.688180	  1883527.284550
126.000000	 131.000000	  176.000000	 181.000000	 -0.000743	 10604.688180	  1883527.284550
126.000000	 131.000000	  181.000000	 186.000000	 -0.002562	 10604.688180	  1883527.284550
131.000000	 136.000000	  141.000000	 146.000000	 -0.269843	 10614.275110	  1883526.227190
131.000000	 136.000000	  146.000000	 151.000000	 -0.088495	 10614.275110	  1883526.227190
131.000000	 136.000000	  151.000000	 156.000000	 -0.037469	 10614.275110	  1883526.227190
131.000000	 136.000000	  156.000000	 161.000000	 -0.026064	 10614.275110	  1883526.227190
131.000000	 136.000000	  161.000000	 166.000000	 -0.014326	 10614.275110	  1883526.227190
131.000000	 136.000000	  166.000000	 171.000000	 -0.009559	 10614.275110	  1883526.227190
131.000000	 136.000000	  171.000000	 176.000000	 -0.008073	 10614.275110	  1883526.227190
131.000000	 136.000000	  176.000000	 181.000000	 -0.008073	 10614.275110	  1883526.227190
131.000000	 136.000000	  181.000000	 186.000000	 -0.005151	 10614.275110	  1883526.227190
131.000000	 136.000000	  186.000000	 191.000000	 -0.005869	 10614.275110	  1883526.227190
136.000000	 141.000000	  146.000000	 151.000000	 -0.238871	 10630.451190	  1883523.794390
136.000000	 141.000000	  151.000000	 156.000000	 -0.066284	 10630.451190	  1883523.794390
136.000000	 141.000000	  156.000000	 161.000000	 -0.029264	 10630.451190	  1883523.794390
136.000000	 141.000000	  161.000000	 166.000000	 -0.021121	 10630.451190	  1883523.794390
136.000000	 141.000000	  166.000000	 171.000000	 -0.015925	 10630.451190	  1883523.794390
136.000000	 141.000000	  171.000000	 176.000000	 -0.012952	 10630.451190	  1883523.794390
136.000000	 141.000000	  176.000000	 181.000000	 -0.009255	 10630.451190	  1883523.794390
136.000000	 141.000000	  181.000000	 186.000000	 -0.007032	 10630.451190	  1883523.794390
136.000000	 141.000000	  186.000000	 191.000000	 -0.003335	 10630.451190	  1883523.794390
136.000000	 141.000000	  191.000000	 196.000000	 -0.002973	 10630.451190	  1883523.794390
141.000000	 146.000000	  151.000000	 156.000000	 -0.236441	 10646.159970	  1883519.652330
141.000000	 146.000000	  156.000000	 161.000000	 -0.071670	 10646.159970	  1883519.652330
141.000000	 146.000000	  161.000000	 166.000000	 -0.037318	 10646.159970	  1883519.652330
141.000000	 146.000000	  166.000000	 171.000000	 -0.024397	 10646.159970	  1883519.652330
141.000000	 146.000000	  171.000000	 176.000000	 -0.016634	 10646.159970	  1883519.652330
141.000000	 146.000000	  176.000000	 181.000000	 -0.009620	 10646.159970	  1883519.652330
141.000000	 146.000000	  181.000000	 186.000000	 -0.004797	 10646.159970	  1883519.652330
141.000000	 146.000000	  186.000000	 191.000000	 -0.005545	 10646.159970	  1883519.652330
141.000000	 146.000000	  191.000000	 196.000000	 -0.002966	 10646.159970	  1883519.652330
141.000000	 146.000000	  196.000000	 201.000000	 -0.001857	 10646.159970	  1883519.652330
146.000000	 151.000000	  156.000000	 161.000000	 -0.307360	 10664.340720	  1883518.050590
146.000000	 151.000000	  161.000000	 166.000000	 -0.101356	 10664.340720	  1883518.050590
146.000000	 151.000000	  166.000000	 171.000000	 -0.048671	 10664.340720	  1883518.050590
146.000000	 151.000000	  171.000000	 176.000000	 -0.025802	 10664.340720	  1883518.050590
146.000000	 151.000000	  176.000000	 181.000000	 -0.015126	 10664.340720	  1883518.050590
146.000000	 151.000000	  181.000000	 186.000000	 -0.010676	 10664.340720	  1883518.050590
146.000000	 151.000000	  186.000000	 191.000000	 -0.005891	 10664.340720	  1883518.050590
146.000000	 151.000000	  191.000000	 196.000000	 -0.005531	 10664.340720	  1883518.050590
146.000000	 151.000000	  196.000000	 201.000000	 -0.002572	 10664.340720	  1883518.050590
146.000000	 151.000000	  201.000000	 206.000000	 -0.003318	 10664.340720	  1883518.050590
151.000000	 156.000000	  161.000000	 166.000000	 -0.263619	 10682.201850	  1883514.684370
151.000000	 156.000000	  166.000000	 171.000000	 -0.078568	 10682.201850	  1883514.684370
151.000000	 156.000000	  171.000000	 176.000000	 -0.036126	 10682.201850	  1883514.684370
151.000000	 156.000000	  176.000000	 181.000000	 -0.020480	 10682.201850	  1883514.684370
151.000000	 156.000000	  181.000000	 186.000000	 -0.013047	 10682.201850	  1883514.684370
151.000000	 156.000000	  186.000000	 191.000000	 -0.009305	 10682.201850	  1883514.684370
151.000000	 156.000000	  191.000000	 196.000000	 -0.006342	 10682.201850	  1883514.684370
151.000000	 156.000000	  196.000000	 201.000000	 -0.004470	 10682.201850	  1883514.684370
151.000000	 156.000000	  201.000000	 206.000000	 -0.004470	 10682.201850	  1883514.684370
151.000000	 156.000000	  206.000000	 211.000000	 -0.002989	 10682.201850	  1883514.684370
156.000000	 161.000000	  166.000000	 171.000000	 -0.231289	 10694.712870	  1883522.508430
156.000000	 161.000000	  171.000000	 176.000000	 -0.057642	 10694.712870	  1883522.508430
156.000000	 161.000000	  176.000000	 181.000000	 -0.023289	 10694.712870	  1883522.508430
156.000000	 161.000000	  181.000000	 186.000000	 -0.013308	 10694.712870	  1883522.508430
156.000000	 161.000000	  186.000000	 191.000000	 -0.005545	 10694.712870	  1883522.508430
156.000000	 161.000000	  191.000000	 196.000000	 -0.004797	 10694.712870	  1883522.508430
156.000000	 161.000000	  196.000000	 201.000000	 -0.004436	 10694.712870	  1883522.508430
156.000000	 161.000000	  201.000000	 206.000000	 -0.003327	 10694.712870	  1883522.508430
156.000000	 161.000000	  206.000000	 211.000000	 -0.001109	 10694.712870	  1883522.508430
156.000000	 161.000000	  211.000000	 216.000000	 -0.002218	 10694.712870	  1883522.508430
161.000000	 166.000000	  171.000000	 176.000000	 -0.233337	 10704.791110	  1883532.149460
161.000000	 166.000000	  176.000000	 181.000000	 -0.057785	 10704.791110	  1883532.149460
161.000000	 166.000000	  181.000000	 186.000000	 -0.022597	 10704.791110	  1883532.149460
161.000000	 166.000000	  186.000000	 191.000000	 -0.011479	 10704.791110	  1883532.149460
161.000000	 166.000000	  191.000000	 196.000000	 -0.007420	 10704.791110	  1883532.149460
161.000000	 166.000000	  196.000000	 201.000000	 -0.005197	 10704.791110	  1883532.149460
161.000000	 166.000000	  201.000000	 206.000000	 -0.002223	 10704.791110	  1883532.149460
161.000000	 166.000000	  206.000000	 211.000000	 -0.002223	 10704.791110	  1883532.149460
161.000000	 166.000000	  211.000000	 216.000000	 -0.002585	 10704.791110	  1883532.149460
161.000000	 166.000000	  216.000000	 221.000000	 -0.002585	 10704.791110	  1883532.149460
166.000000	 171.000000	  176.000000	 181.000000	 -0.236862	 10716.034370	  1883539.099560
166.000000	 171.000000	  181.000000	 186.000000	 -0.057831	 10716.034370	  1883539.099560
166.000000	 171.000000	  186.000000	 191.000000	 -0.022253	 10716.034370	  1883539.099560
166.000000	 171.000000	  191.000000	 196.000000	 -0.011489	 10716.034370	  1883539.099560
166.000000	 171.000000	  196.000000	 201.000000	 -0.006314	 10716.034370	  1883539.099560
166.000000	 171.000000	  201.000000	 206.000000	 -0.004813	 10716.034370	  1883539.099560
166.000000	 171.000000	  206.000000	 211.000000	 -0.004451	 10716.034370	  1883539.099560
166.000000	 171.000000	  211.000000	 216.000000	 -0.002225	 10716.034370	  1883539.099560
166.000000	 171.000000	  216.000000	 221.000000	 -0.001113	 10716.034370	  1883539.099560
166.000000	 171.000000	  221.000000	 226.000000	 -0.000750	 10716.034370	  1883539.099560
171.000000	 176.000000	  181.000000	 186.000000	 -0.237931	 10731.511410	  1883538.736420
171.000000	 176.000000	  186.000000	 191.000000	 -0.059496	 10731.511410	  1883538.736420
171.000000	 176.000000	  191.000000	 196.000000	 -0.021431	 10731.511410	  1883538.736420
171.000000	 176.000000	  196.000000	 201.000000	 -0.012920	 10731.511410	  1883538.736420
171.000000	 176.000000	  201.000000	 206.000000	 -0.007763	 10731.511410	  1883538.736420
171.000000	 176.000000	  206.000000	 211.000000	 -0.003688	 10731.511410	  1883538.736420
171.000000	 176.000000	  211.000000	 216.000000	 -0.001470	 10731.511410	  1883538.736420
171.000000	 176.000000	  216.000000	 221.000000	 -0.003327	 10731.511410	  1883538.736420
171.000000	 176.000000	  221.000000	 226.000000	 0.000361	 10731.511410	  1883538.736420
171.000000	 176.000000	  226.000000	 231.000000	 -0.001857	 10731.511410	  1883538.736420
176.000000	 181.000000	  186.000000	 191.000000	 -0.238250	 10746.075650	  1883547.665070
176.000000	 181.000000	  191.000000	 196.000000	 -0.059575	 10746.075650	  1883547.665070
176.000000	 181.000000	  196.000000	 201.000000	 -0.023680	 10746.075650	  1883547.665070
176.000000	 181.000000	  201.000000	 206.000000	 -0.011853	 10746.075650	  1883547.665070
176.000000	 181.000000	  206.000000	 211.000000	 -0.007024	 10746.075650	  1883547.665070
176.000000	 181.000000	  211.000000	 216.000000	 -0.003693	 10746.075650	  1883547.665070
176.000000	 181.000000	  216.000000	 221.000000	 -0.003331	 10746.075650	  1883547.665070
176.000000	 181.000000	  221.000000	 226.000000	 -0.001110	 10746.075650	  1883547.665070
176.000000	 181.000000	  226.000000	 231.000000	 -0.001472	 10746.075650	  1883547.665070
176.000000	 181.000000	  231.000000	 236.000000	 -0.000362	 10746.075650	  1883547.665070
181.000000	 186.000000	  191.000000	 196.000000	 -0.237287	 10756.461070	  1883550.899110
181.000000	 186.000000	  196.000000	 201.000000	 -0.058863	 10756.461070	  1883550.899110
181.000000	 186.000000	  201.000000	 206.000000	 -0.023695	 10756.461070	  1883550.899110
181.000000	 186.000000	  206.000000	 211.000000	 -0.011111	 10756.461070	  1883550.899110
181.000000	 186.000000	  211.000000	 216.000000	 -0.007416	 10756.461070	  1883550.899110
181.000000	 186.000000	  216.000000	 221.000000	 -0.004806	 10756.461070	  1883550.899110
181.000000	 186.000000	  221.000000	 226.000000	 -0.002972	 10756.461070	  1883550.899110
181.000000	 186.000000	  226.000000	 231.000000	 -0.001111	 10756.461070	  1883550.899110
181.000000	 186.000000	  231.000000	 236.000000	 -0.000362	 10756.461070	  1883550.899110
181.000000	 186.000000	  236.000000	 241.000000	 -0.002584	 10756.461070	  1883550.899110
186.000000	 191.000000	  196.000000	 201.000000	 -0.237704	 10766.662030	  1883552.639490
186.000000	 191.000000	  201.000000	 206.000000	 -0.058700	 10766.662030	  1883552.639490
186.000000	 191.000000	  206.000000	 211.000000	 -0.022298	 10766.662030	  1883552.639490
186.000000	 191.000000	  211.000000	 216.000000	 -0.013742	 10766.662030	  1883552.639490
186.000000	 191.000000	  216.000000	 221.000000	 -0.004460	 10766.662030	  1883552.639490
186.000000	 191.000000	  221.000000	 226.000000	 -0.005937	 10766.662030	  1883552.639490
186.000000	 191.000000	  226.000000	 231.000000	 -0.002593	 10766.662030	  1883552.639490
186.000000	 191.000000	  231.000000	 236.000000	 -0.001867	 10766.662030	  1883552.639490
186.000000	 191.000000	  236.000000	 241.000000	 -0.001115	 10766.662030	  1883552.639490
186.000000	 191.000000	  241.000000	 246.000000	 -0.003708	 10766.662030	  1883552.639490
191.000000	 196.000000	  201.000000	 206.000000	 -0.240102	 10773.547310	  1883561.359320
191.000000	 196.000000	  206.000000	 211.000000	 -0.059104	 10773.547310	  1883561.359320
191.000000	 196.000000	  211.000000	 216.000000	 -0.024908	 10773.547310	  1883561.359320
191.000000	 196.000000	  216.000000	 221.000000	 -0.010793	 10773.547310	  1883561.359320
191.000000	 196.000000	  221.000000	 226.000000	 -0.007057	 10773.547310	  1883561.359320
191.000000	 196.000000	  226.000000	 231.000000	 -0.004826	 10773.547310	  1883561.359320
191.000000	 196.000000	  231.000000	 236.000000	 -0.001479	 10773.547310	  1883561.359320
191.000000	 196.000000	  236.000000	 241.000000	 -0.005215	 10773.547310	  1883561.359320
191.000000	 196.000000	  241.000000	 246.000000	 0.000363	 10773.547310	  1883561.359320
191.000000	 196.000000	  246.000000	 251.000000	 -0.002984	 10773.547310	  1883561.359320
196.000000	 201.000000	  206.000000	 211.000000	 -0.238497	 10786.541380	  1883561.007910
196.000000	 201.000000	  211.000000	 216.000000	 -0.057870	 10786.541380	  1883561.007910
196.000000	 201.000000	  216.000000	 221.000000	 -0.022268	 10786.541380	  1883561.007910
196.000000	 201.000000	  221.000000	 226.000000	 -0.009270	 10786.541380	  1883561.007910
196.000000	 201.000000	  226.000000	 231.000000	 -0.010771	 10786.541380	  1883561.007910
196.000000	 201.000000	  231.000000	 236.000000	 -0.001864	 10786.541380	  1883561.007910
196.000000	 201.000000	  236.000000	 241.000000	 -0.002978	 10786.541380	  1883561.007910
196.000000	 201.000000	  241.000000	 246.000000	 -0.001864	 10786.541380	  1883561.007910
196.000000	 201.000000	  246.000000	 251.000000	 -0.001113	 10786.541380	  1883561.007910
196.000000	 201.000000	  251.000000	 256.000000	 -0.001864	 10786.541380	  1883561.007910
201.000000	 206.000000	  211.000000	 216.000000	 -0.238441	 10794.265470	  1883550.582120
201.000000	 206.000000	  216.000000	 221.000000	 -0.057013	 10794.265470	  1883550.582120
201.000000	 206.000000	  221.000000	 226.000000	 -0.023338	 10794.265470	  1883550.582120
201.000000	 206.000000	  226.000000	 231.000000	 -0.011113	 10794.265470	  1883550.582120
201.000000	 206.000000	  231.000000	 236.000000	 -0.006668	 10794.265470	  1883550.582120
201.000000	 206.000000	  236.000000	 241.000000	 -0.003696	 10794.265470	  1883550.582120
201.000000	 206.000000	  241.000000	 246.000000	 -0.002223	 10794.265470	  1883550.582120
201.000000	 206.000000	  246.000000	 251.000000	 -0.001861	 10794.265470	  1883550.582120
201.000000	 206.000000	  251.000000	 256.000000	 -0.001861	 10794.265470	  1883550.582120
201.000000	 206.000000	  256.000000	 261.000000	 -0.002223	 10794.265470	  1883550.582120
206.000000	 211.000000	  216.000000	 221.000000	 -0.237800	 10804.514090	  1883547.382150
206.000000	 211.000000	  221.000000	 226.000000	 -0.057433	 10804.514090	  1883547.382150
206.000000	 211.000000	  226.000000	 231.000000	 -0.023564	 10804.514090	  1883547.382150
206.000000	 211.000000	  231.000000	 236.000000	 -0.011050	 10804.514090	  1883547.382150
206.000000	 211.000000	  236.000000	 241.000000	 -0.005885	 10804.514090	  1883547.382150
206.000000	 211.000000	  241.000000	 246.000000	 -0.006270	 10804.514090	  1883547.382150
206.000000	 211.000000	  246.000000	 251.000000	 -0.004780	 10804.514090	  1883547.382150
206.000000	 211.000000	  251.000000	 256.000000	 -0.001850	 10804.514090	  1883547.382150
206.000000	 211.000000	  256.000000	 261.000000	 -0.002570	 10804.514090	  1883547.382150
206.000000	 211.000000	  261.000000	 266.000000	 -0.001105	 10804.514090	  1883547.382150
211.000000	 216.000000	  221.000000	 226.000000	 -0.237275	 10815.791420	  1883540.174050
211.000000	 216.000000	  226.000000	 231.000000	 -0.058770	 10815.791420	  1883540.174050
211.000000	 216.000000	  231.000000	 236.000000	 -0.032894	 10815.791420	  1883540.174050
211.000000	 216.000000	  236.000000	 241.000000	 -0.096489	 10815.791420	  1883540.174050
211.000000	 216.000000	  241.000000	 246.000000	 0.084647	 10815.791420	  1883540.174050
211.000000	 216.000000	  246.000000	 251.000000	 -0.007404	 10815.791420	  1883540.174050
211.000000	 216.000000	  251.000000	 256.000000	 -0.005908	 10815.791420	  1883540.174050
211.000000	 216.000000	  256.000000	 261.000000	 -0.000748	 10815.791420	  1883540.174050
211.000000	 216.000000	  261.000000	 266.000000	 -0.002967	 10815.791420	  1883540.174050
211.000000	 216.000000	  266.000000	 271.000000	 -0.001109	 10815.791420	  1883540.174050
216.000000	 221.000000	  226.000000	 231.000000	 -0.135492	 10829.124740	  1883534.226760
216.000000	 221.000000	  231.000000	 236.000000	 -0.186970	 10829.124740	  1883534.226760
216.000000	 221.000000	  236.000000	 241.000000	 -0.029615	 10829.124740	  1883534.226760
216.000000	 221.000000	  241.000000	 246.000000	 -0.018141	 10829.124740	  1883534.226760
216.000000	 221.000000	  246.000000	 251.000000	 -0.011862	 10829.124740	  1883534.226760
216.000000	 221.000000	  251.000000	 256.000000	 -0.005918	 10829.124740	  1883534.226760
216.000000	 221.000000	  256.000000	 261.000000	 -0.006306	 10829.124740	  1883534.226760
216.000000	 221.000000	  261.000000	 266.000000	 -0.000749	 10829.124740	  1883534.226760
216.000000	 221.000000	  266.000000	 271.000000	 -0.002222	 10829.124740	  1883534.226760
216.000000	 221.000000	  271.000000	 276.000000	 -0.001861	 10829.124740	  1883534.226760
221.000000	 226.000000	  231.000000	 236.000000	 -0.242425	 10839.564370	  1883523.993410
221.000000	 226.000000	  236.000000	 241.000000	 -0.064555	 10839.564370	  1883523.993410
221.000000	 226.000000	  241.000000	 246.000000	 -0.027553	 10839.564370	  1883523.993410
221.000000	 226.000000	  246.000000	 251.000000	 -0.019669	 10839.564370	  1883523.993410
221.000000	 226.000000	  251.000000	 256.000000	 -0.007884	 10839.564370	  1883523.993410
221.000000	 226.000000	  256.000000	 261.000000	 -0.007472	 10839.564370	  1883523.993410
221.000000	 226.000000	  261.000000	 266.000000	 -0.003544	 10839.564370	  1883523.993410
221.000000	 226.000000	  266.000000	 271.000000	 -0.005906	 10839.564370	  1883523.993410
221.000000	 226.000000	  271.000000	 276.000000	 -0.002362	 10839.564370	  1883523.993410
221.000000	 226.000000	  276.000000	 281.000000	 -0.002747	 10839.564370	  1883523.993410
226.000000	 231.000000	  236.000000	 241.000000	 -0.230774	 10855.774000	  1883515.541700
226.000000	 231.000000	  241.000000	 246.000000	 -0.058320	 10855.774000	  1883515.541700
226.000000	 231.000000	  246.000000	 251.000000	 -0.021205	 10855.774000	  1883515.541700
226.000000	 231.000000	  251.000000	 256.000000	 -0.012637	 10855.774000	  1883515.541700
226.000000	 231.000000	  256.000000	 261.000000	 -0.008567	 10855.774000	  1883515.541700
226.000000	 231.000000	  261.000000	 266.000000	 -0.004497	 10855.774000	  1883515.541700
226.000000	 231.000000	  266.000000	 271.000000	 -0.004070	 10855.774000	  1883515.541700
226.000000	 231.000000	  271.000000	 276.000000	 -0.002049	 10855.774000	  1883515.541700
226.000000	 231.000000	  276.000000	 281.000000	 -0.002049	 10855.774000	  1883515.541700
226.000000	 231.000000	  281.000000	 286.000000	 -0.004896	 10855.774000	  1883515.541700
231.000000	 236.000000	  241.000000	 246.000000	 -0.236536	 10882.716810	  1883512.129570
231.000000	 236.000000	  246.000000	 251.000000	 -0.057408	 10882.716810	  1883512.129570
231.000000	 236.000000	  251.000000	 256.000000	 -0.021599	 10882.716810	  1883512.129570
231.000000	 236.000000	  256.000000	 261.000000	 -0.011823	 10882.716810	  1883512.129570
231.000000	 236.000000	  261.000000	 266.000000	 -0.006934	 10882.716810	  1883512.129570
231.000000	 236.000000	  266.000000	 271.000000	 -0.006110	 10882.716810	  1883512.129570
231.000000	 236.000000	  271.000000	 276.000000	 -0.006508	 10882.716810	  1883512.129570
231.000000	 236.000000	  276.000000	 281.000000	 -0.004490	 10882.716810	  1883512.129570
231.000000	 236.000000	  281.000000	 286.000000	 -0.000398	 10882.716810	  1883512.129570
231.000000	 236.000000	  286.000000	 291.000000	 -0.002046	 10882.716810	  1883512.129570
236.000000	 241.000000	  246.000000	 251.000000	 -0.233826	 10868.514420	  1883483.360510
236.000000	 241.000000	  251.000000	 256.000000	 -0.055298	 10868.514420	  1883483.360510
236.000000	 241.000000	  256.000000	 261.000000	 -0.021972	 10868.514420	  1883483.360510
236.000000	 241.000000	  261.000000	 266.000000	 -0.015869	 10868.514420	  1883483.360510
236.000000	 241.000000	  266.000000	 271.000000	 -0.009368	 10868.514420	  1883483.360510
236.000000	 241.000000	  271.000000	 276.000000	 -0.008147	 10868.514420	  1883483.360510
236.000000	 241.000000	  276.000000	 281.000000	 0.002044	 10868.514420	  1883483.360510
236.000000	 241.000000	  281.000000	 286.000000	 -0.008545	 10868.514420	  1883483.360510
236.000000	 241.000000	  286.000000	 291.000000	 -0.001618	 10868.514420	  1883483.360510
236.000000	 241.000000	  291.000000	 296.000000	 -0.002839	 10868.514420	  1883483.360510
241.000000	 246.000000	  251.000000	 256.000000	 -0.246621	 10883.835380	  1883476.342190
241.000000	 246.000000	  256.000000	 261.000000	 -0.073386	 10883.835380	  1883476.342190
241.000000	 246.000000	  261.000000	 266.000000	 -0.028541	 10883.835380	  1883476.342190
241.000000	 246.000000	  266.000000	 271.000000	 -0.016703	 10883.835380	  1883476.342190
241.000000	 246.000000	  271.000000	 276.000000	 -0.010187	 10883.835380	  1883476.342190
241.000000	 246.000000	  276.000000	 281.000000	 -0.006118	 10883.835380	  1883476.342190
241.000000	 246.000000	  281.000000	 286.000000	 -0.003272	 10883.835380	  1883476.342190
241.000000	 246.000000	  286.000000	 291.000000	 -0.004894	 10883.835380	  1883476.342190
241.000000	 246.000000	  291.000000	 296.000000	 -0.003272	 10883.835380	  1883476.342190
241.000000	 246.000000	  296.000000	 301.000000	 -0.002846	 10883.835380	  1883476.342190
246.000000	 251.000000	  256.000000	 261.000000	 -0.228915	 10901.826200	  1883471.850870
246.000000	 251.000000	  261.000000	 266.000000	 -0.056828	 10901.826200	  1883471.850870
246.000000	 251.000000	  266.000000	 271.000000	 -0.022590	 10901.826200	  1883471.850870
246.000000	 251.000000	  271.000000	 276.000000	 -0.013701	 10901.826200	  1883471.850870
246.000000	 251.000000	  276.000000	 281.000000	 -0.007258	 10901.826200	  1883471.850870
246.000000	 251.000000	  281.000000	 286.000000	 -0.005233	 10901.826200	  1883471.850870
246.000000	 251.000000	  286.000000	 291.000000	 -0.002026	 10901.826200	  1883471.850870
246.000000	 251.000000	  291.000000	 296.000000	 -0.003235	 10901.826200	  1883471.850870
246.000000	 251.000000	  296.000000	 301.000000	 -0.001210	 10901.826200	  1883471.850870
246.000000	 251.000000	  301.000000	 306.000000	 -0.000816	 10901.826200	  1883471.850870
251.000000	 256.000000	  261.000000	 266.000000	 -0.239569	 10916.351530	  1883473.914840
251.000000	 256.000000	  266.000000	 271.000000	 -0.058892	 10916.351530	  1883473.914840
251.000000	 256.000000	  271.000000	 276.000000	 -0.022696	 10916.351530	  1883473.914840
251.000000	 256.000000	  276.000000	 281.000000	 -0.010751	 10916.351530	  1883473.914840
251.000000	 256.000000	  281.000000	 286.000000	 -0.007167	 10916.351530	  1883473.914840
251.000000	 256.000000	  286.000000	 291.000000	 -0.004778	 10916.351530	  1883473.914840
251.000000	 256.000000	  291.000000	 296.000000	 -0.001583	 10916.351530	  1883473.914840
251.000000	 256.000000	  296.000000	 301.000000	 -0.001583	 10916.351530	  1883473.914840
251.000000	 256.000000	  301.000000	 306.000000	 -0.001583	 10916.351530	  1883473.914840
251.000000	 256.000000	  306.000000	 311.000000	 -0.000389	 10916.351530	  1883473.914840
256.000000	 261.000000	  266.000000	 271.000000	 -0.235865	 10930.162300	  1883479.916960
256.000000	 261.000000	  271.000000	 276.000000	 -0.059766	 10930.162300	  1883479.916960
256.000000	 261.000000	  276.000000	 281.000000	 -0.023111	 10930.162300	  1883479.916960
256.000000	 261.000000	  281.000000	 286.000000	 -0.011569	 10930.162300	  1883479.916960
256.000000	 261.000000	  286.000000	 291.000000	 -0.005590	 10930.162300	  1883479.916960
256.000000	 261.000000	  291.000000	 296.000000	 -0.004394	 10930.162300	  1883479.916960
256.000000	 261.000000	  296.000000	 301.000000	 -0.001585	 10930.162300	  1883479.916960
256.000000	 261.000000	  301.000000	 306.000000	 -0.002392	 10930.162300	  1883479.916960
256.000000	 261.000000	  306.000000	 311.000000	 -0.002002	 10930.162300	  1883479.916960
256.000000	 261.000000	  311.000000	 316.000000	 0.001585	 10930.162300	  1883479.916960
261.000000	 266.000000	  271.000000	 276.000000	 -0.237966	 10944.053880	  1883480.257080
261.000000	 266.000000	  276.000000	 281.000000	 -0.057499	 10944.053880	  1883480.257080
261.000000	 266.000000	  281.000000	 286.000000	 -0.021573	 10944.053880	  1883480.257080
261.000000	 266.000000	  286.000000	 291.000000	 -0.011176	 10944.053880	  1883480.257080
261.000000	 266.000000	  291.000000	 296.000000	 -0.004794	 10944.053880	  1883480.257080
261.000000	 266.000000	  296.000000	 301.000000	 -0.004794	 10944.053880	  1883480.257080
261.000000	 266.000000	  301.000000	 306.000000	 -0.003595	 10944.053880	  1883480.257080
261.000000	 266.000000	  306.000000	 311.000000	 -0.000808	 10944.053880	  1883480.257080
261.000000	 266.000000	  311.000000	 316.000000	 -0.003205	 10944.053880	  1883480.257080
261.000000	 266.000000	  316.000000	 321.000000	 -0.002007	 10944.053880	  1883480.257080
266.000000	 271.000000	  276.000000	 281.000000	 -0.239332	 10958.731900	  1883468.592620
266.000000	 271.000000	  281.000000	 286.000000	 -0.057148	 10958.731900	  1883468.592620
266.000000	 271.000000	  286.000000	 291.000000	 -0.018798	 10958.731900	  1883468.592620
266.000000	 271.000000	  291.000000	 296.000000	 -0.011603	 10958.731900	  1883468.592620
266.000000	 271.000000	  296.000000	 301.000000	 -0.003988	 10958.731900	  1883468.592620
266.000000	 271.000000	  301.000000	 306.000000	 -0.005997	 10958.731900	  1883468.592620
266.000000	 271.000000	  306.000000	 311.000000	 0.000390	 10958.731900	  1883468.592620
266.000000	 271.000000	  311.000000	 316.000000	 -0.005606	 10958.731900	  1883468.592620
266.000000	 271.000000	  316.000000	 321.000000	 -0.003988	 10958.731900	  1883468.592620
266.000000	 271.000000	  321.000000	 326.000000	 -0.000809	 10958.731900	  1883468.592620
271.000000	 276.000000	  281.000000	 286.000000	 -0.237900	 10968.643620	  1883466.584460
271.000000	 276.000000	  286.000000	 291.000000	 -0.056675	 10968.643620	  1883466.584460
271.000000	 276.000000	  291.000000	 296.000000	 -0.019560	 10968.643620	  1883466.584460
271.000000	 276.000000	  296.000000	 301.000000	 -0.011591	 10968.643620	  1883466.584460
271.000000	 276.000000	  301.000000	 306.000000	 -0.007189	 10968.643620	  1883466.584460
271.000000	 276.000000	  306.000000	 311.000000	 -0.006799	 10968.643620	  1883466.584460
271.000000	 276.000000	  311.000000	 316.000000	 -0.003985	 10968.643620	  1883466.584460
271.000000	 276.000000	  316.000000	 321.000000	 -0.003594	 10968.643620	  1883466.584460
271.000000	 276.000000	  321.000000	 326.000000	 -0.003594	 10968.643620	  1883466.584460
271.000000	 276.000000	  326.000000	 331.000000	 -0.002396	 10968.643620	  1883466.584460
276.000000	 281.000000	  286.000000	 291.000000	 -0.234388	 10979.158010	  1883465.228080
276.000000	 281.000000	  291.000000	 296.000000	 -0.060600	 10979.158010	  1883465.228080
276.000000	 281.000000	  296.000000	 301.000000	 -0.028493	 10979.158010	  1883465.228080
276.000000	 281.000000	  301.000000	 306.000000	 -0.018071	 10979.158010	  1883465.228080
276.000000	 281.000000	  306.000000	 311.000000	 -0.009638	 10979.158010	  1883465.228080
276.000000	 281.000000	  311.000000	 316.000000	 -0.008825	 10979.158010	  1883465.228080
276.000000	 281.000000	  316.000000	 321.000000	 -0.003614	 10979.158010	  1883465.228080
276.000000	 281.000000	  321.000000	 326.000000	 -0.004006	 10979.158010	  1883465.228080
276.000000	 281.000000	  326.000000	 331.000000	 -0.002409	 10979.158010	  1883465.228080
276.000000	 281.000000	  331.000000	 336.000000	 -0.001205	 10979.158010	  1883465.228080
281.000000	 286.000000	  291.000000	 296.000000	 -0.258438	 10994.557020	  1883461.537500
281.000000	 286.000000	  296.000000	 301.000000	 -0.079599	 10994.557020	  1883461.537500
281.000000	 286.000000	  301.000000	 306.000000	 -0.033360	 10994.557020	  1883461.537500
281.000000	 286.000000	  306.000000	 311.000000	 -0.019696	 10994.557020	  1883461.537500
281.000000	 286.000000	  311.000000	 316.000000	 -0.011672	 10994.557020	  1883461.537500
281.000000	 286.000000	  316.000000	 321.000000	 -0.007239	 10994.557020	  1883461.537500
281.000000	 286.000000	  321.000000	 326.000000	 -0.004433	 10994.557020	  1883461.537500
281.000000	 286.000000	  326.000000	 331.000000	 -0.002413	 10994.557020	  1883461.537500
281.000000	 286.000000	  331.000000	 336.000000	 -0.002413	 10994.557020	  1883461.537500
281.000000	 286.000000	  336.000000	 341.000000	 -0.001206	 10994.557020	  1883461.537500
286.000000	 291.000000	  296.000000	 301.000000	 -0.252569	 11010.205120	  1883461.963310
286.000000	 291.000000	  301.000000	 306.000000	 -0.067157	 11010.205120	  1883461.963310
286.000000	 291.000000	  306.000000	 311.000000	 -0.028974	 11010.205120	  1883461.963310
286.000000	 291.000000	  311.000000	 316.000000	 -0.015273	 11010.205120	  1883461.963310
286.000000	 291.000000	  316.000000	 321.000000	 -0.006429	 11010.205120	  1883461.963310
286.000000	 291.000000	  321.000000	 326.000000	 -0.007244	 11010.205120	  1883461.963310
286.000000	 291.000000	  326.000000	 331.000000	 -0.002808	 11010.205120	  1883461.963310
286.000000	 291.000000	  331.000000	 336.000000	 -0.002415	 11010.205120	  1883461.963310
286.000000	 291.000000	  336.000000	 341.000000	 -0.003622	 11010.205120	  1883461.963310
286.000000	 291.000000	  341.000000	 346.000000	 -0.001600	 11010.205120	  1883461.963310
291.000000	 296.000000	  301.000000	 306.000000	 -0.237608	 11031.482170	  1883458.452030
291.000000	 296.000000	  306.000000	 311.000000	 -0.058124	 11031.482170	  1883458.452030
291.000000	 296.000000	  311.000000	 316.000000	 -0.023477	 11031.482170	  1883458.452030
291.000000	 296.000000	  316.000000	 321.000000	 -0.010363	 11031.482170	  1883458.452030
291.000000	 296.000000	  321.000000	 326.000000	 -0.006363	 11031.482170	  1883458.452030
291.000000	 296.000000	  326.000000	 331.000000	 -0.005168	 11031.482170	  1883458.452030
291.000000	 296.000000	  331.000000	 336.000000	 -0.002389	 11031.482170	  1883458.452030
291.000000	 296.000000	  336.000000	 341.000000	 -0.001584	 11031.482170	  1883458.452030
291.000000	 296.000000	  341.000000	 346.000000	 -0.002000	 11031.482170	  1883458.452030
291.000000	 296.000000	  346.000000	 351.000000	 -0.001195	 11031.482170	  1883458.452030
296.000000	 301.000000	  306.000000	 311.000000	 -0.240994	 11039.182980	  1883466.965110
296.000000	 301.000000	  311.000000	 316.000000	 -0.057468	 11039.182980	  1883466.965110
296.000000	 301.000000	  316.000000	 321.000000	 -0.022993	 11039.182980	  1883466.965110
296.000000	 301.000000	  321.000000	 326.000000	 -0.010708	 11039.182980	  1883466.965110
296.000000	 301.000000	  326.000000	 331.000000	 -0.005561	 11039.182980	  1883466.965110
296.000000	 301.000000	  331.000000	 336.000000	 -0.004372	 11039.182980	  1883466.965110
296.000000	 301.000000	  336.000000	 341.000000	 -0.002380	 11039.182980	  1883466.965110
296.000000	 301.000000	  341.000000	 346.000000	 -0.001992	 11039.182980	  1883466.965110
296.000000	 301.000000	  346.000000	 351.000000	 -0.001992	 11039.182980	  1883466.965110
296.000000	 301.000000	  351.000000	 356.000000	 -0.001577	 11039.182980	  1883466.965110
301.000000	 306.000000	  311.000000	 316.000000	 -0.240175	 11046.127360	  1883484.427390
301.000000	 306.000000	  316.000000	 321.000000	 -0.057879	 11046.127360	  1883484.427390
301.000000	 306.000000	  321.000000	 326.000000	 -0.022838	 11046.127360	  1883484.427390
301.000000	 306.000000	  326.000000	 331.000000	 -0.011021	 11046.127360	  1883484.427390
301.000000	 306.000000	  331.000000	 336.000000	 -0.006294	 11046.127360	  1883484.427390
301.000000	 306.000000	  336.000000	 341.000000	 -0.003545	 11046.127360	  1883484.427390
301.000000	 306.000000	  341.000000	 346.000000	 -0.003545	 11046.127360	  1883484.427390
301.000000	 306.000000	  346.000000	 351.000000	 -0.002364	 11046.127360	  1883484.427390
301.000000	 306.000000	  351.000000	 356.000000	 -0.000385	 11046.127360	  1883484.427390
301.000000	 306.000000	  356.000000	 361.000000	 -0.002748	 11046.127360	  1883484.427390
306.000000	 311.000000	  316.000000	 321.000000	 -0.238655	 11051.834600	  1883497.928580
306.000000	 311.000000	  321.000000	 326.000000	 -0.059561	 11051.834600	  1883497.928580
306.000000	 311.000000	  326.000000	 331.000000	 -0.022497	 11051.834600	  1883497.928580
306.000000	 311.000000	  331.000000	 336.000000	 -0.012226	 11051.834600	  1883497.928580
306.000000	 311.000000	  336.000000	 341.000000	 -0.006306	 11051.834600	  1883497.928580
306.000000	 311.000000	  341.000000	 346.000000	 -0.005535	 11051.834600	  1883497.928580
306.000000	 311.000000	  346.000000	 351.000000	 -0.003552	 11051.834600	  1883497.928580
306.000000	 311.000000	  351.000000	 356.000000	 -0.002368	 11051.834600	  1883497.928580
306.000000	 311.000000	  356.000000	 361.000000	 -0.002368	 11051.834600	  1883497.928580
306.000000	 311.000000	  361.000000	 366.000000	 -0.001570	 11051.834600	  1883497.928580
311.000000	 316.000000	  321.000000	 326.000000	 -0.239652	 11061.778070	  1883510.180980
311.000000	 316.000000	  326.000000	 331.000000	 -0.059422	 11061.778070	  1883510.180980
311.000000	 316.000000	  331.000000	 336.000000	 -0.022978	 11061.778070	  1883510.180980
311.000000	 316.000000	  336.000000	 341.000000	 -0.013079	 11061.778070	  1883510.180980
311.000000	 316.000000	  341.000000	 346.000000	 -0.008323	 11061.778070	  1883510.180980
311.000000	 316.000000	  346.000000	 351.000000	 -0.003954	 11061.778070	  1883510.180980
311.000000	 316.000000	  351.000000	 356.000000	 -0.003954	 11061.778070	  1883510.180980
311.000000	 316.000000	  356.000000	 361.000000	 -0.002378	 11061.778070	  1883510.180980
311.000000	 316.000000	  361.000000	 366.000000	 -0.001991	 11061.778070	  1883510.180980
311.000000	 316.000000	  366.000000	 371.000000	 -0.001576	 11061.778070	  1883510.180980
316.000000	 321.000000	  326.000000	 331.000000	 -0.238337	 11065.770630	  1883524.459620
316.000000	 321.000000	  331.000000	 336.000000	 -0.059391	 11065.770630	  1883524.459620
316.000000	 321.000000	  336.000000	 341.000000	 -0.023767	 11065.770630	  1883524.459620
316.000000	 321.000000	  341.000000	 346.000000	 -0.013072	 11065.770630	  1883524.459620
316.000000	 321.000000	  346.000000	 351.000000	 -0.006743	 11065.770630	  1883524.459620
316.000000	 321.000000	  351.000000	 356.000000	 -0.005140	 11065.770630	  1883524.459620
316.000000	 321.000000	  356.000000	 361.000000	 -0.003565	 11065.770630	  1883524.459620
316.000000	 321.000000	  361.000000	 366.000000	 -0.002764	 11065.770630	  1883524.459620
316.000000	 321.000000	  366.000000	 371.000000	 -0.003178	 11065.770630	  1883524.459620
316.000000	 321.000000	  371.000000	 376.000000	 -0.000801	 11065.770630	  1883524.459620
321.000000	 326.000000	  331.000000	 336.000000	 -0.239275	 11073.388680	  1883537.982310
321.000000	 326.000000	  336.000000	 341.000000	 -0.060021	 11073.388680	  1883537.982310
321.000000	 326.000000	  341.000000	 346.000000	 -0.024020	 11073.388680	  1883537.982310
321.000000	 326.000000	  346.000000	 351.000000	 -0.012401	 11073.388680	  1883537.982310
321.000000	 326.000000	  351.000000	 356.000000	 -0.006815	 11073.388680	  1883537.982310
321.000000	 326.000000	  356.000000	 361.000000	 -0.003994	 11073.388680	  1883537.982310
321.000000	 326.000000	  361.000000	 366.000000	 -0.002402	 11073.388680	  1883537.982310
321.000000	 326.000000	  366.000000	 371.000000	 -0.002402	 11073.388680	  1883537.982310
321.000000	 326.000000	  371.000000	 376.000000	 -0.002793	 11073.388680	  1883537.982310
321.000000	 326.000000	  376.000000	 381.000000	 -0.001201	 11073.388680	  1883537.982310
326.000000	 331.000000	  336.000000	 341.000000	 -0.239932	 11077.354860	  1883553.931350
326.000000	 331.000000	  341.000000	 346.000000	 -0.058982	 11077.354860	  1883553.931350
326.000000	 331.000000	  346.000000	 351.000000	 -0.024086	 11077.354860	  1883553.931350
326.000000	 331.000000	  351.000000	 356.000000	 -0.011231	 11077.354860	  1883553.931350
326.000000	 331.000000	  356.000000	 361.000000	 -0.006413	 11077.354860	  1883553.931350
326.000000	 331.000000	  361.000000	 366.000000	 -0.006021	 11077.354860	  1883553.931350
326.000000	 331.000000	  366.000000	 371.000000	 -0.002409	 11077.354860	  1883553.931350
326.000000	 331.000000	  371.000000	 376.000000	 -0.002409	 11077.354860	  1883553.931350
326.000000	 331.000000	  376.000000	 381.000000	 -0.001596	 11077.354860	  1883553.931350
326.000000	 331.000000	  381.000000	 386.000000	 -0.000392	 11077.354860	  1883553.931350
331.000000	 336.000000	  341.000000	 346.000000	 -0.240187	 11086.957650	  1883567.787110
331.000000	 336.000000	  346.000000	 351.000000	 -0.059045	 11086.957650	  1883567.787110
331.000000	 336.000000	  351.000000	 356.000000	 -0.024504	 11086.957650	  1883567.787110
331.000000	 336.000000	  356.000000	 361.000000	 -0.008831	 11086.957650	  1883567.787110
331.000000	 336.000000	  361.000000	 366.000000	 -0.009644	 11086.957650	  1883567.787110
331.000000	 336.000000	  366.000000	 371.000000	 -0.002804	 11086.957650	  1883567.787110
331.000000	 336.000000	  371.000000	 376.000000	 -0.003224	 11086.957650	  1883567.787110
331.000000	 336.000000	  376.000000	 381.000000	 -0.000813	 11086.957650	  1883567.787110
331.000000	 336.000000	  381.000000	 386.000000	 -0.001206	 11086.957650	  1883567.787110
331.000000	 336.000000	  386.000000	 391.000000	 -0.001206	 11086.957650	  1883567.787110
336.000000	 341.000000	  346.000000	 351.000000	 -0.240693	 11096.017360	  1883580.622860
336.000000	 341.000000	  351.000000	 356.000000	 -0.059562	 11096.017360	  1883580.622860
336.000000	 341.000000	  356.000000	 361.000000	 -0.022954	 11096.017360	  1883580.622860
336.000000	 341.000000	  361.000000	 366.000000	 -0.010480	 11096.017360	  1883580.622860
336.000000	 341.000000	  366.000000	 371.000000	 -0.006855	 11096.017360	  1883580.622860
336.000000	 341.000000	  371.000000	 376.000000	 -0.003231	 11096.017360	  1883580.622860
336.000000	 341.000000	  376.000000	 381.000000	 -0.002416	 11096.017360	  1883580.622860
336.000000	 341.000000	  381.000000	 386.000000	 -0.001208	 11096.017360	  1883580.622860
336.000000	 341.000000	  386.000000	 391.000000	 -0.000815	 11096.017360	  1883580.622860
336.000000	 341.000000	  391.000000	 396.000000	 -0.000393	 11096.017360	  1883580.622860
341.000000	 346.000000	  351.000000	 356.000000	 -0.241182	 11103.921100	  1883593.817120
341.000000	 346.000000	  356.000000	 361.000000	 -0.059192	 11103.921100	  1883593.817120
341.000000	 346.000000	  361.000000	 366.000000	 -0.024172	 11103.921100	  1883593.817120
341.000000	 346.000000	  366.000000	 371.000000	 -0.011692	 11103.921100	  1883593.817120
341.000000	 346.000000	  371.000000	 376.000000	 -0.006043	 11103.921100	  1883593.817120
341.000000	 346.000000	  376.000000	 381.000000	 -0.003626	 11103.921100	  1883593.817120
341.000000	 346.000000	  381.000000	 386.000000	 -0.002417	 11103.921100	  1883593.817120
341.000000	 346.000000	  386.000000	 391.000000	 -0.000393	 11103.921100	  1883593.817120
341.000000	 346.000000	  391.000000	 396.000000	 -0.000815	 11103.921100	  1883593.817120
341.000000	 346.000000	  396.000000	 401.000000	 -0.001602	 11103.921100	  1883593.817120
346.000000	 351.000000	  356.000000	 361.000000	 -0.242939	 11110.598400	  1883605.313730
346.000000	 351.000000	  361.000000	 366.000000	 -0.060427	 11110.598400	  1883605.313730
346.000000	 351.000000	  366.000000	 371.000000	 -0.022824	 11110.598400	  1883605.313730
346.000000	 351.000000	  371.000000	 376.000000	 -0.011203	 11110.598400	  1883605.313730
346.000000	 351.000000	  376.000000	 381.000000	 -0.004805	 11110.598400	  1883605.313730
346.000000	 351.000000	  381.000000	 386.000000	 -0.002794	 11110.598400	  1883605.313730
346.000000	 351.000000	  386.000000	 391.000000	 -0.001592	 11110.598400	  1883605.313730
346.000000	 351.000000	  391.000000	 396.000000	 -0.002794	 11110.598400	  1883605.313730
346.000000	 351.000000	  396.000000	 401.000000	 -0.001201	 11110.598400	  1883605.313730
346.000000	 351.000000	  401.000000	 406.000000	 0.000000	 11110.598400	  1883605.313730
351.000000	 356.000000	  361.000000	 366.000000	 -0.240752	 11116.273340	  1883619.608410
351.000000	 356.000000	  366.000000	 371.000000	 -0.058496	 11116.273340	  1883619.608410
351.000000	 356.000000	  371.000000	 376.000000	 -0.020832	 11116.273340	  1883619.608410
351.000000	 356.000000	  376.000000	 381.000000	 -0.008417	 11116.273340	  1883619.608410
351.000000	 356.000000	  381.000000	 386.000000	 -0.006012	 11116.273340	  1883619.608410
351.000000	 356.000000	  386.000000	 391.000000	 -0.003999	 11116.273340	  1883619.608410
351.000000	 356.000000	  391.000000	 396.000000	 -0.002013	 11116.273340	  1883619.608410
351.000000	 356.000000	  396.000000	 401.000000	 -0.000811	 11116.273340	  1883619.608410
351.000000	 356.000000	  401.000000	 406.000000	 0.000391	 11116.273340	  1883619.608410
351.000000	 356.000000	  406.000000	 411.000000	 -0.000811	 11116.273340	  1883619.608410
356.000000	 361.000000	  366.000000	 371.000000	 -0.240102	 11121.490110	  1883632.582040
356.000000	 361.000000	  371.000000	 376.000000	 -0.056913	 11121.490110	  1883632.582040
356.000000	 361.000000	  376.000000	 381.000000	 -0.020062	 11121.490110	  1883632.582040
356.000000	 361.000000	  381.000000	 386.000000	 -0.009625	 11121.490110	  1883632.582040
356.000000	 361.000000	  386.000000	 391.000000	 -0.004421	 11121.490110	  1883632.582040
356.000000	 361.000000	  391.000000	 396.000000	 -0.002798	 11121.490110	  1883632.582040
356.000000	 361.000000	  396.000000	 401.000000	 -0.000811	 11121.490110	  1883632.582040
356.000000	 361.000000	  401.000000	 406.000000	 -0.001203	 11121.490110	  1883632.582040
356.000000	 361.000000	  406.000000	 411.000000	 -0.000811	 11121.490110	  1883632.582040
356.000000	 361.000000	  411.000000	 416.000000	 -0.001203	 11121.490110	  1883632.582040
361.000000	 366.000000	  371.000000	 376.000000	 -0.240057	 11126.770660	  1883645.998110
361.000000	 366.000000	  376.000000	 381.000000	 -0.054407	 11126.770660	  1883645.998110
361.000000	 366.000000	  381.000000	 386.000000	 -0.018406	 11126.770660	  1883645.998110
361.000000	 366.000000	  386.000000	 391.000000	 -0.008798	 11126.770660	  1883645.998110
361.000000	 366.000000	  391.000000	 396.000000	 -0.004804	 11126.770660	  1883645.998110
361.000000	 366.000000	  396.000000	 401.000000	 -0.003603	 11126.770660	  1883645.998110
361.000000	 366.000000	  401.000000	 406.000000	 -0.001592	 11126.770660	  1883645.998110
361.000000	 366.000000	  406.000000	 411.000000	 -0.001201	 11126.770660	  1883645.998110
361.000000	 366.000000	  411.000000	 416.000000	 -0.002402	 11126.770660	  1883645.998110
361.000000	 366.000000	  416.000000	 421.000000	 -0.001201	 11126.770660	  1883645.998110
366.000000	 371.000000	  376.000000	 381.000000	 -0.236319	 11129.899680	  1883658.334610
366.000000	 371.000000	  381.000000	 386.000000	 -0.052960	 11129.899680	  1883658.334610
366.000000	 371.000000	  386.000000	 391.000000	 -0.019661	 11129.899680	  1883658.334610
366.000000	 371.000000	  391.000000	 396.000000	 -0.010026	 11129.899680	  1883658.334610
366.000000	 371.000000	  396.000000	 401.000000	 -0.003613	 11129.899680	  1883658.334610
366.000000	 371.000000	  401.000000	 406.000000	 -0.004425	 11129.899680	  1883658.334610
366.000000	 371.000000	  406.000000	 411.000000	 -0.001596	 11129.899680	  1883658.334610
366.000000	 371.000000	  411.000000	 416.000000	 -0.000392	 11129.899680	  1883658.334610
366.000000	 371.000000	  416.000000	 421.000000	 -0.001204	 11129.899680	  1883658.334610
366.000000	 371.000000	  421.000000	 426.000000	 -0.001204	 11129.899680	  1883658.334610
371.000000	 376.000000	  381.000000	 386.000000	 -0.240302	 11134.813970	  1883670.878530
371.000000	 376.000000	  386.000000	 391.000000	 -0.055847	 11134.813970	  1883670.878530
371.000000	 376.000000	  391.000000	 396.000000	 -0.020504	 11134.813970	  1883670.878530
371.000000	 376.000000	  396.000000	 401.000000	 -0.008836	 11134.813970	  1883670.878530
371.000000	 376.000000	  401.000000	 406.000000	 -0.004825	 11134.813970	  1883670.878530
371.000000	 376.000000	  406.000000	 411.000000	 -0.006844	 11134.813970	  1883670.878530
371.000000	 376.000000	  411.000000	 416.000000	 -0.002412	 11134.813970	  1883670.878530
371.000000	 376.000000	  416.000000	 421.000000	 -0.000813	 11134.813970	  1883670.878530
371.000000	 376.000000	  421.000000	 426.000000	 -0.000393	 11134.813970	  1883670.878530
371.000000	 376.000000	  426.000000	 431.000000	 -0.001206	 11134.813970	  1883670.878530
376.000000	 381.000000	  386.000000	 391.000000	 -0.239176	 11140.537120	  1883684.084960
376.000000	 381.000000	  391.000000	 396.000000	 -0.058700	 11140.537120	  1883684.084960
376.000000	 381.000000	  396.000000	 401.000000	 -0.024917	 11140.537120	  1883684.084960
376.000000	 381.000000	  401.000000	 406.000000	 -0.009652	 11140.537120	  1883684.084960
376.000000	 381.000000	  406.000000	 411.000000	 -0.003227	 11140.537120	  1883684.084960
376.000000	 381.000000	  411.000000	 416.000000	 -0.006426	 11140.537120	  1883684.084960
376.000000	 381.000000	  416.000000	 421.000000	 0.002413	 11140.537120	  1883684.084960
376.000000	 381.000000	  421.000000	 426.000000	 -0.006033	 11140.537120	  1883684.084960
376.000000	 381.000000	  426.000000	 431.000000	 -0.000393	 11140.537120	  1883684.084960
376.000000	 381.000000	  431.000000	 436.000000	 0.000814	 11140.537120	  1883684.084960
381.000000	 386.000000	  391.000000	 396.000000	 -0.241751	 11147.433390	  1883696.010720
381.000000	 386.000000	  396.000000	 401.000000	 -0.061055	 11147.433390	  1883696.010720
381.000000	 386.000000	  401.000000	 406.000000	 -0.023295	 11147.433390	  1883696.010720
381.000000	 386.000000	  406.000000	 411.000000	 -0.015670	 11147.433390	  1883696.010720
381.000000	 386.000000	  411.000000	 416.000000	 -0.004822	 11147.433390	  1883696.010720
381.000000	 386.000000	  416.000000	 421.000000	 -0.001205	 11147.433390	  1883696.010720
381.000000	 386.000000	  421.000000	 426.000000	 -0.002803	 11147.433390	  1883696.010720
381.000000	 386.000000	  426.000000	 431.000000	 -0.004009	 11147.433390	  1883696.010720
381.000000	 386.000000	  431.000000	 436.000000	 0.000392	 11147.433390	  1883696.010720
381.000000	 386.000000	  436.000000	 441.000000	 -0.002018	 11147.433390	  1883696.010720
386.000000	 391.000000	  396.000000	 401.000000	 -0.239780	 11153.501210	  1883708.429660
386.000000	 391.000000	  401.000000	 406.000000	 -0.060253	 11153.501210	  1883708.429660
386.000000	 391.000000	  406.000000	 411.000000	 -0.022094	 11153.501210	  1883708.429660
386.000000	 391.000000	  411.000000	 416.000000	 -0.013654	 11153.501210	  1883708.429660
386.000000	 391.000000	  416.000000	 421.000000	 -0.012056	 11153.501210	  1883708.429660
386.000000	 391.000000	  421.000000	 426.000000	 -0.000393	 11153.501210	  1883708.429660
386.000000	 391.000000	  426.000000	 431.000000	 0.002019	 11153.501210	  1883708.429660
386.000000	 391.000000	  431.000000	 436.000000	 -0.003617	 11153.501210	  1883708.429660
386.000000	 391.000000	  436.000000	 441.000000	 0.001206	 11153.501210	  1883708.429660
386.000000	 391.000000	  441.000000	 446.000000	 -0.003617	 11153.501210	  1883708.429660
391.000000	 396.000000	  401.000000	 406.000000	 -0.239798	 11156.761340	  1883721.872910
391.000000	 396.000000	  406.000000	 411.000000	 -0.058756	 11156.761340	  1883721.872910
391.000000	 396.000000	  411.000000	 416.000000	 -0.024154	 11156.761340	  1883721.872910
391.000000	 396.000000	  416.000000	 421.000000	 -0.007639	 11156.761340	  1883721.872910
391.000000	 396.000000	  421.000000	 426.000000	 -0.008454	 11156.761340	  1883721.872910
391.000000	 396.000000	  426.000000	 431.000000	 -0.003623	 11156.761340	  1883721.872910
391.000000	 396.000000	  431.000000	 436.000000	 -0.003230	 11156.761340	  1883721.872910
391.000000	 396.000000	  436.000000	 441.000000	 -0.003230	 11156.761340	  1883721.872910
391.000000	 396.000000	  441.000000	 446.000000	 0.000000	 11156.761340	  1883721.872910
391.000000	 396.000000	  446.000000	 451.000000	 -0.000393	 11156.761340	  1883721.872910
396.000000	 401.000000	  406.000000	 411.000000	 -0.238903	 11158.522560	  1883736.259350
396.000000	 401.000000	  411.000000	 416.000000	 -0.057821	 11158.522560	  1883736.259350
396.000000	 401.000000	  416.000000	 421.000000	 -0.022237	 11158.522560	  1883736.259350
396.000000	 401.000000	  421.000000	 426.000000	 -0.008889	 11158.522560	  1883736.259350
396.000000	 401.000000	  426.000000	 431.000000	 -0.004459	 11158.522560	  1883736.259350
396.000000	 401.000000	  431.000000	 436.000000	 -0.005249	 11158.522560	  1883736.259350
396.000000	 401.000000	  436.000000	 441.000000	 -0.004035	 11158.522560	  1883736.259350
396.000000	 401.000000	  441.000000	 446.000000	 -0.000818	 11158.522560	  1883736.259350
396.000000	 401.000000	  446.000000	 451.000000	 -0.000818	 11158.522560	  1883736.259350
396.000000	 401.000000	  451.000000	 456.000000	 -0.001213	 11158.522560	  1883736.259350
401.000000	 406.000000	  411.000000	 416.000000	 -0.235390	 11167.662880	  1883746.526730
401.000000	 406.000000	  416.000000	 421.000000	 -0.050138	 11167.662880	  1883746.526730
401.000000	 406.000000	  421.000000	 426.000000	 -0.023460	 11167.662880	  1883746.526730
401.000000	 406.000000	  426.000000	 431.000000	 -0.007679	 11167.662880	  1883746.526730
401.000000	 406.000000	  431.000000	 436.000000	 -0.006465	 11167.662880	  1883746.526730
401.000000	 406.000000	  436.000000	 441.000000	 -0.004856	 11167.662880	  1883746.526730
401.000000	 406.000000	  441.000000	 446.000000	 -0.000819	 11167.662880	  1883746.526730
401.000000	 406.000000	  446.000000	 451.000000	 -0.001214	 11167.662880	  1883746.526730
401.000000	 406.000000	  451.000000	 456.000000	 0.000819	 11167.662880	  1883746.526730
401.000000	 406.000000	  456.000000	 461.000000	 0.000000	 11167.662880	  1883746.526730
406.000000	 411.000000	  416.000000	 421.000000	 -0.230471	 11180.657260	  1883757.197030
406.000000	 411.000000	  421.000000	 426.000000	 -0.054778	 11180.657260	  1883757.197030
406.000000	 411.000000	  426.000000	 431.000000	 -0.019090	 11180.657260	  1883757.197030
406.000000	 411.000000	  431.000000	 436.000000	 -0.012179	 11180.657260	  1883757.197030
406.000000	 411.000000	  436.000000	 441.000000	 -0.006090	 11180.657260	  1883757.197030
406.000000	 411.000000	  441.000000	 446.000000	 -0.001614	 11180.657260	  1883757.197030
406.000000	 411.000000	  446.000000	 451.000000	 -0.003257	 11180.657260	  1883757.197030
406.000000	 411.000000	  451.000000	 456.000000	 -0.004475	 11180.657260	  1883757.197030
406.000000	 411.000000	  456.000000	 461.000000	 -0.001614	 11180.657260	  1883757.197030
406.000000	 411.000000	  461.000000	 466.000000	 -0.002436	 11180.657260	  1883757.197030
411.000000	 416.000000	  421.000000	 426.000000	 -0.237219	 11187.279400	  1883765.093450
411.000000	 416.000000	  426.000000	 431.000000	 -0.054442	 11187.279400	  1883765.093450
411.000000	 416.000000	  431.000000	 436.000000	 -0.021947	 11187.279400	  1883765.093450
411.000000	 416.000000	  436.000000	 441.000000	 -0.009754	 11187.279400	  1883765.093450
411.000000	 416.000000	  441.000000	 446.000000	 -0.006493	 11187.279400	  1883765.093450
411.000000	 416.000000	  446.000000	 451.000000	 -0.003658	 11187.279400	  1883765.093450
411.000000	 416.000000	  451.000000	 456.000000	 -0.004055	 11187.279400	  1883765.093450
411.000000	 416.000000	  456.000000	 461.000000	 0.000000	 11187.279400	  1883765.093450
411.000000	 416.000000	  461.000000	 466.000000	 -0.000397	 11187.279400	  1883765.093450
411.000000	 416.000000	  466.000000	 471.000000	 0.000397	 11187.279400	  1883765.093450
416.000000	 421.000000	  426.000000	 431.000000	 -0.237806	 11189.232120	  1883775.739700
416.000000	 421.000000	  431.000000	 436.000000	 -0.055465	 11189.232120	  1883775.739700
416.000000	 421.000000	  436.000000	 441.000000	 -0.021212	 11189.232120	  1883775.739700
416.000000	 421.000000	  441.000000	 446.000000	 -0.010620	 11189.232120	  1883775.739700
416.000000	 421.000000	  446.000000	 451.000000	 -0.006520	 11189.232120	  1883775.739700
416.000000	 421.000000	  451.000000	 456.000000	 -0.003673	 11189.232120	  1883775.739700
416.000000	 421.000000	  456.000000	 461.000000	 -0.004072	 11189.232120	  1883775.739700
416.000000	 421.000000	  461.000000	 466.000000	 0.002050	 11189.232120	  1883775.739700
416.000000	 421.000000	  466.000000	 471.000000	 -0.003274	 11189.232120	  1883775.739700
416.000000	 421.000000	  471.000000	 476.000000	 0.002050	 11189.232120	  1883775.739700
421.000000	 426.000000	  431.000000	 436.000000	 -0.238626	 11193.859570	  1883785.848650
421.000000	 426.000000	  436.000000	 441.000000	 -0.055784	 11193.859570	  1883785.848650
421.000000	 426.000000	  441.000000	 446.000000	 -0.020717	 11193.859570	  1883785.848650
421.000000	 426.000000	  446.000000	 451.000000	 -0.009177	 11193.859570	  1883785.848650
421.000000	 426.000000	  451.000000	 456.000000	 -0.005590	 11193.859570	  1883785.848650
421.000000	 426.000000	  456.000000	 461.000000	 -0.003977	 11193.859570	  1883785.848650
421.000000	 426.000000	  461.000000	 466.000000	 -0.003977	 11193.859570	  1883785.848650
421.000000	 426.000000	  466.000000	 471.000000	 0.000806	 11193.859570	  1883785.848650
421.000000	 426.000000	  471.000000	 476.000000	 -0.003198	 11193.859570	  1883785.848650
421.000000	 426.000000	  476.000000	 481.000000	 0.002392	 11193.859570	  1883785.848650
426.000000	 431.000000	  436.000000	 441.000000	 -0.245406	 11190.828370	  1883793.212840
426.000000	 431.000000	  441.000000	 446.000000	 -0.055513	 11190.828370	  1883793.212840
426.000000	 431.000000	  446.000000	 451.000000	 -0.019039	 11190.828370	  1883793.212840
426.000000	 431.000000	  451.000000	 456.000000	 -0.008717	 11190.828370	  1883793.212840
426.000000	 431.000000	  456.000000	 461.000000	 -0.007140	 11190.828370	  1883793.212840
426.000000	 431.000000	  461.000000	 466.000000	 -0.003182	 11190.828370	  1883793.212840
426.000000	 431.000000	  466.000000	 471.000000	 -0.003182	 11190.828370	  1883793.212840
426.000000	 431.000000	  471.000000	 476.000000	 -0.000387	 11190.828370	  1883793.212840
426.000000	 431.000000	  476.000000	 481.000000	 0.001992	 11190.828370	  1883793.212840
426.000000	 431.000000	  481.000000	 486.000000	 -0.003957	 11190.828370	  1883793.212840
431.000000	 436.000000	  441.000000	 446.000000	 -0.229379	 11181.430140	  1883802.311770
431.000000	 436.000000	  446.000000	 451.000000	 -0.045561	 11181.430140	  1883802.311770
431.000000	 436.000000	  451.000000	 456.000000	 -0.018967	 11181.430140	  1883802.311770
431.000000	 436.000000	  456.000000	 461.000000	 -0.008864	 11181.430140	  1883802.311770
431.000000	 436.000000	  461.000000	 466.000000	 -0.003236	 11181.430140	  1883802.311770
431.000000	 436.000000	  466.000000	 471.000000	 -0.002420	 11181.430140	  1883802.311770
431.000000	 436.000000	  471.000000	 476.000000	 -0.042324	 11181.430140	  1883802.311770
431.000000	 436.000000	  476.000000	 481.000000	 0.035064	 11181.430140	  1883802.311770
431.000000	 436.000000	  481.000000	 486.000000	 0.000394	 11181.430140	  1883802.311770
431.000000	 436.000000	  486.000000	 491.000000	 -0.000816	 11181.430140	  1883802.311770
436.000000	 441.000000	  446.000000	 451.000000	 -0.221879	 11169.655560	  1883807.661310
436.000000	 441.000000	  451.000000	 456.000000	 -0.044612	 11169.655560	  1883807.661310
436.000000	 441.000000	  456.000000	 461.000000	 -0.017283	 11169.655560	  1883807.661310
436.000000	 441.000000	  461.000000	 466.000000	 -0.010858	 11169.655560	  1883807.661310
436.000000	 441.000000	  466.000000	 471.000000	 0.004826	 11169.655560	  1883807.661310
436.000000	 441.000000	  471.000000	 476.000000	 -0.008053	 11169.655560	  1883807.661310
436.000000	 441.000000	  476.000000	 481.000000	 0.000814	 11169.655560	  1883807.661310
436.000000	 441.000000	  481.000000	 486.000000	 -0.006425	 11169.655560	  1883807.661310
436.000000	 441.000000	  486.000000	 491.000000	 0.000814	 11169.655560	  1883807.661310
436.000000	 441.000000	  491.000000	 496.000000	 0.001206	 11169.655560	  1883807.661310
441.000000	 446.000000	  451.000000	 456.000000	 -0.215142	 11164.482150	  1883817.358800
441.000000	 446.000000	  456.000000	 461.000000	 -0.039312	 11164.482150	  1883817.358800
441.000000	 446.000000	  461.000000	 466.000000	 -0.016206	 11164.482150	  1883817.358800
441.000000	 446.000000	  466.000000	 471.000000	 -0.006081	 11164.482150	  1883817.358800
441.000000	 446.000000	  471.000000	 476.000000	 -0.007297	 11164.482150	  1883817.358800
441.000000	 446.000000	  476.000000	 481.000000	 -0.001216	 11164.482150	  1883817.358800
441.000000	 446.000000	  481.000000	 486.000000	 -0.004044	 11164.482150	  1883817.358800
441.000000	 446.000000	  486.000000	 491.000000	 0.000820	 11164.482150	  1883817.358800
441.000000	 446.000000	  491.000000	 496.000000	 -0.001216	 11164.482150	  1883817.358800
441.000000	 446.000000	  496.000000	 501.000000	 -0.000820	 11164.482150	  1883817.358800
446.000000	 451.000000	  456.000000	 461.000000	 -0.214948	 11160.681030	  1883828.324200
446.000000	 451.000000	  461.000000	 466.000000	 -0.043880	 11160.681030	  1883828.324200
446.000000	 451.000000	  466.000000	 471.000000	 -0.015856	 11160.681030	  1883828.324200
446.000000	 451.000000	  471.000000	 476.000000	 -0.007715	 11160.681030	  1883828.324200
446.000000	 451.000000	  476.000000	 481.000000	 -0.004482	 11160.681030	  1883828.324200
446.000000	 451.000000	  481.000000	 486.000000	 -0.001617	 11160.681030	  1883828.324200
446.000000	 451.000000	  486.000000	 491.000000	 -0.002042	 11160.681030	  1883828.324200
446.000000	 451.000000	  491.000000	 496.000000	 -0.004056	 11160.681030	  1883828.324200
446.000000	 451.000000	  496.000000	 501.000000	 0.001220	 11160.681030	  1883828.324200
446.000000	 451.000000	  501.000000	 506.000000	 -0.001220	 11160.681030	  1883828.324200
451.000000	 456.000000	  461.000000	 466.000000	 -0.229198	 11154.572830	  1883835.403820
451.000000	 456.000000	  466.000000	 471.000000	 -0.048898	 11154.572830	  1883835.403820
451.000000	 456.000000	  471.000000	 476.000000	 -0.015773	 11154.572830	  1883835.403820
451.000000	 456.000000	  476.000000	 481.000000	 -0.008098	 11154.572830	  1883835.403820
451.000000	 456.000000	  481.000000	 486.000000	 -0.005248	 11154.572830	  1883835.403820
451.000000	 456.000000	  486.000000	 491.000000	 -0.002822	 11154.572830	  1883835.403820
451.000000	 456.000000	  491.000000	 496.000000	 -0.004853	 11154.572830	  1883835.403820
451.000000	 456.000000	  496.000000	 501.000000	 -0.007675	 11154.572830	  1883835.403820
451.000000	 456.000000	  501.000000	 506.000000	 0.008070	 11154.572830	  1883835.403820
451.000000	 456.000000	  506.000000	 511.000000	 -0.002822	 11154.572830	  1883835.403820
456.000000	 461.000000	  466.000000	 471.000000	 -0.231113	 11143.935450	  1883847.953790
456.000000	 461.000000	  471.000000	 476.000000	 -0.049265	 11143.935450	  1883847.953790
456.000000	 461.000000	  476.000000	 481.000000	 -0.017642	 11143.935450	  1883847.953790
456.000000	 461.000000	  481.000000	 486.000000	 -0.006822	 11143.935450	  1883847.953790
456.000000	 461.000000	  486.000000	 491.000000	 -0.008807	 11143.935450	  1883847.953790
456.000000	 461.000000	  491.000000	 496.000000	 0.000391	 11143.935450	  1883847.953790
456.000000	 461.000000	  496.000000	 501.000000	 -0.001594	 11143.935450	  1883847.953790
456.000000	 461.000000	  501.000000	 506.000000	 -0.001594	 11143.935450	  1883847.953790
456.000000	 461.000000	  506.000000	 511.000000	 -0.002796	 11143.935450	  1883847.953790
456.000000	 461.000000	  511.000000	 516.000000	 0.000000	 11143.935450	  1883847.953790
461.000000	 466.000000	  471.000000	 476.000000	 -0.239348	 11137.156170	  1883855.511580
461.000000	 466.000000	  476.000000	 481.000000	 -0.047870	 11137.156170	  1883855.511580
461.000000	 466.000000	  481.000000	 486.000000	 -0.017572	 11137.156170	  1883855.511580
461.000000	 466.000000	  486.000000	 491.000000	 -0.009580	 11137.156170	  1883855.511580
461.000000	 466.000000	  491.000000	 496.000000	 -0.002395	 11137.156170	  1883855.511580
461.000000	 466.000000	  496.000000	 501.000000	 -0.002005	 11137.156170	  1883855.511580
461.000000	 466.000000	  501.000000	 506.000000	 -0.002395	 11137.156170	  1883855.511580
461.000000	 466.000000	  506.000000	 511.000000	 -0.004400	 11137.156170	  1883855.511580
461.000000	 466.000000	  511.000000	 516.000000	 -0.002785	 11137.156170	  1883855.511580
461.000000	 466.000000	  516.000000	 521.000000	 0.000808	 11137.156170	  1883855.511580
466.000000	 471.000000	  476.000000	 481.000000	 -0.231314	 11139.528340	  1883859.895260
466.000000	 471.000000	  481.000000	 486.000000	 -0.050119	 11139.528340	  1883859.895260
466.000000	 471.000000	  486.000000	 491.000000	 -0.017238	 11139.528340	  1883859.895260
466.000000	 471.000000	  491.000000	 496.000000	 -0.007612	 11139.528340	  1883859.895260
466.000000	 471.000000	  496.000000	 501.000000	 -0.004813	 11139.528340	  1883859.895260
466.000000	 471.000000	  501.000000	 506.000000	 -0.003218	 11139.528340	  1883859.895260
466.000000	 471.000000	  506.000000	 511.000000	 -0.001595	 11139.528340	  1883859.895260
466.000000	 471.000000	  511.000000	 516.000000	 -0.003218	 11139.528340	  1883859.895260
466.000000	 471.000000	  516.000000	 521.000000	 0.006408	 11139.528340	  1883859.895260
466.000000	 471.000000	  521.000000	 526.000000	 -0.002407	 11139.528340	  1883859.895260
471.000000	 476.000000	  481.000000	 486.000000	 -0.234448	 11131.528140	  1883869.405380
471.000000	 476.000000	  486.000000	 491.000000	 -0.045363	 11131.528140	  1883869.405380
471.000000	 476.000000	  491.000000	 496.000000	 -0.016619	 11131.528140	  1883869.405380
471.000000	 476.000000	  496.000000	 501.000000	 -0.005257	 11131.528140	  1883869.405380
471.000000	 476.000000	  501.000000	 506.000000	 -0.005257	 11131.528140	  1883869.405380
471.000000	 476.000000	  506.000000	 511.000000	 -0.003250	 11131.528140	  1883869.405380
471.000000	 476.000000	  511.000000	 516.000000	 -0.000396	 11131.528140	  1883869.405380
471.000000	 476.000000	  516.000000	 521.000000	 -0.000396	 11131.528140	  1883869.405380
471.000000	 476.000000	  521.000000	 526.000000	 -0.002431	 11131.528140	  1883869.405380
471.000000	 476.000000	  526.000000	 531.000000	 -0.001611	 11131.528140	  1883869.405380
476.000000	 481.000000	  486.000000	 491.000000	 -0.227474	 11122.262300	  1883881.545340
476.000000	 481.000000	  491.000000	 496.000000	 -0.042494	 11122.262300	  1883881.545340
476.000000	 481.000000	  496.000000	 501.000000	 -0.018224	 11122.262300	  1883881.545340
476.000000	 481.000000	  501.000000	 506.000000	 -0.002825	 11122.262300	  1883881.545340
476.000000	 481.000000	  506.000000	 511.000000	 -0.004040	 11122.262300	  1883881.545340
476.000000	 481.000000	  511.000000	 516.000000	 -0.002430	 11122.262300	  1883881.545340
476.000000	 481.000000	  516.000000	 521.000000	 -0.003645	 11122.262300	  1883881.545340
476.000000	 481.000000	  521.000000	 526.000000	 0.000000	 11122.262300	  1883881.545340
476.000000	 481.000000	  526.000000	 531.000000	 -0.000819	 11122.262300	  1883881.545340
476.000000	 481.000000	  531.000000	 536.000000	 -0.000819	 11122.262300	  1883881.545340
481.000000	 486.000000	  491.000000	 496.000000	 -0.214813	 11119.138250	  1883884.948070
481.000000	 486.000000	  496.000000	 501.000000	 -0.042550	 11119.138250	  1883884.948070
481.000000	 486.000000	  501.000000	 506.000000	 -0.013778	 11119.138250	  1883884.948070
481.000000	 486.000000	  506.000000	 511.000000	 -0.006479	 11119.138250	  1883884.948070
481.000000	 486.000000	  511.000000	 516.000000	 -0.006083	 11119.138250	  1883884.948070
481.000000	 486.000000	  516.000000	 521.000000	 -0.002829	 11119.138250	  1883884.948070
481.000000	 486.000000	  521.000000	 526.000000	 -0.001613	 11119.138250	  1883884.948070
481.000000	 486.000000	  526.000000	 531.000000	 -0.001613	 11119.138250	  1883884.948070
481.000000	 486.000000	  531.000000	 536.000000	 -0.002037	 11119.138250	  1883884.948070
481.000000	 486.000000	  536.000000	 541.000000	 -0.000820	 11119.138250	  1883884.948070
486.000000	 491.000000	  496.000000	 501.000000	 -0.214233	 11112.049590	  1883894.944170
486.000000	 491.000000	  501.000000	 506.000000	 -0.044322	 11112.049590	  1883894.944170
486.000000	 491.000000	  506.000000	 511.000000	 -0.019522	 11112.049590	  1883894.944170
486.000000	 491.000000	  511.000000	 516.000000	 -0.008541	 11112.049590	  1883894.944170
486.000000	 491.000000	  516.000000	 521.000000	 -0.004881	 11112.049590	  1883894.944170
486.000000	 491.000000	  521.000000	 526.000000	 -0.004058	 11112.049590	  1883894.944170
486.000000	 491.000000	  526.000000	 531.000000	 -0.002440	 11112.049590	  1883894.944170
486.000000	 491.000000	  531.000000	 536.000000	 -0.002838	 11112.049590	  1883894.944170
486.000000	 491.000000	  536.000000	 541.000000	 0.000000	 11112.049590	  1883894.944170
486.000000	 491.000000	  541.000000	 546.000000	 -0.001220	 11112.049590	  1883894.944170
491.000000	 496.000000	  501.000000	 506.000000	 -0.243353	 11104.421710	  1883903.631700
491.000000	 496.000000	  506.000000	 511.000000	 -0.059628	 11104.421710	  1883903.631700
491.000000	 496.000000	  511.000000	 516.000000	 -0.023528	 11104.421710	  1883903.631700
491.000000	 496.000000	  516.000000	 521.000000	 -0.012571	 11104.421710	  1883903.631700
491.000000	 496.000000	  521.000000	 526.000000	 -0.007701	 11104.421710	  1883903.631700
491.000000	 496.000000	  526.000000	 531.000000	 -0.004049	 11104.421710	  1883903.631700
491.000000	 496.000000	  531.000000	 536.000000	 -0.002435	 11104.421710	  1883903.631700
491.000000	 496.000000	  536.000000	 541.000000	 -0.001614	 11104.421710	  1883903.631700
491.000000	 496.000000	  541.000000	 546.000000	 -0.001217	 11104.421710	  1883903.631700
491.000000	 496.000000	  546.000000	 551.000000	 -0.001217	 11104.421710	  1883903.631700
496.000000	 501.000000	  506.000000	 511.000000	 -0.244529	 11098.127110	  1883914.967880
496.000000	 501.000000	  511.000000	 516.000000	 -0.061231	 11098.127110	  1883914.967880
496.000000	 501.000000	  516.000000	 521.000000	 -0.024345	 11098.127110	  1883914.967880
496.000000	 501.000000	  521.000000	 526.000000	 -0.011352	 11098.127110	  1883914.967880
496.000000	 501.000000	  526.000000	 531.000000	 -0.008917	 11098.127110	  1883914.967880
496.000000	 501.000000	  531.000000	 536.000000	 -0.002435	 11098.127110	  1883914.967880
496.000000	 501.000000	  536.000000	 541.000000	 -0.003652	 11098.127110	  1883914.967880
496.000000	 501.000000	  541.000000	 546.000000	 -0.001614	 11098.127110	  1883914.967880
496.000000	 501.000000	  546.000000	 551.000000	 -0.002038	 11098.127110	  1883914.967880
496.000000	 501.000000	  551.000000	 556.000000	 -0.000821	 11098.127110	  1883914.967880
